證券代碼	簡稱	年月日	開盤價(元)	最高價(元)	最低價(元)	收盤價(元)	成交值(千元)
1503   	士電         	20110103	   30.77	   31.11	   30.65	   30.73	       75689
1503   	士電         	20110104	   30.81	   31.00	   30.39	   30.42	       45538
1503   	士電         	20110105	   30.42	   30.46	   29.78	   29.93	       39689
1503   	士電         	20110106	   29.93	   29.93	   29.70	   29.85	       18636
1503   	士電         	20110107	   29.82	   29.85	   29.24	   29.32	       27769
1503   	士電         	20110110	   29.36	   29.55	   29.17	   29.51	       30288
1503   	士電         	20110111	   29.51	   29.85	   29.40	   29.70	       22569
1503   	士電         	20110112	   29.70	   29.93	   29.66	   29.74	       49821
1503   	士電         	20110113	   29.85	   29.93	   29.70	   29.70	       32718
1503   	士電         	20110114	   29.70	   29.70	   29.47	   29.47	       20932
1503   	士電         	20110117	   29.47	   29.63	   29.09	   29.09	       25731
1503   	士電         	20110118	   29.13	   29.55	   29.09	   29.47	       14897
1503   	士電         	20110119	   29.47	   29.70	   29.32	   29.66	       22938
1503   	士電         	20110120	   29.63	   29.74	   29.59	   29.59	       13070
1503   	士電         	20110121	   29.55	   29.66	   29.32	   29.51	       10770
1503   	士電         	20110124	   29.51	   29.63	   29.32	   29.55	       11308
1503   	士電         	20110125	   29.55	   29.66	   29.32	   29.63	       15162
1503   	士電         	20110126	   29.63	   29.63	   29.47	   29.63	       15855
1503   	士電         	20110127	   29.40	   29.63	   29.24	   29.63	       36749
1503   	士電         	20110128	   29.32	   29.55	   29.17	   29.40	       42005
1503   	士電         	20110208	   29.40	   29.55	   29.32	   29.47	       12023
1503   	士電         	20110209	   29.47	   29.51	   29.13	   29.13	       12160
1503   	士電         	20110210	   28.98	   29.36	   28.94	   29.24	       21257
1503   	士電         	20110211	   28.94	   29.09	   27.80	   27.87	       39767
1503   	士電         	20110214	   27.95	   27.95	   27.30	   27.30	       42156
1503   	士電         	20110215	   27.34	   27.42	   27.07	   27.15	       31923
1503   	士電         	20110216	   27.15	   27.49	   27.15	   27.15	       29485
1503   	士電         	20110217	   27.19	   27.38	   27.15	   27.38	       18200
1503   	士電         	20110218	   27.42	   27.80	   27.38	   27.61	       30942
1503   	士電         	20110221	   27.80	   27.95	   27.61	   27.76	       21363
1503   	士電         	20110222	   27.76	   27.76	   27.15	   27.65	       36421
1503   	士電         	20110223	   27.26	   27.42	   26.92	   27.26	       26250
1503   	士電         	20110224	   27.04	   27.42	   27.04	   27.42	       22297
1503   	士電         	20110225	   27.42	   27.57	   27.11	   27.42	       19000
1503   	士電         	20110301	   27.45	   27.84	   27.42	   27.61	       40068
1503   	士電         	20110302	   27.45	   27.68	   27.42	   27.42	       17311
1503   	士電         	20110303	   27.42	   27.84	   27.42	   27.72	       15318
1503   	士電         	20110304	   27.91	   27.91	   27.42	   27.65	       21407
1503   	士電         	20110307	   27.68	   27.72	   27.34	   27.34	       12975
1503   	士電         	20110308	   27.42	   27.65	   27.42	   27.57	        9357
1503   	士電         	20110309	   27.57	   27.68	   27.49	   27.61	       19029
1503   	士電         	20110310	   27.49	   27.57	   27.42	   27.42	       13215
1503   	士電         	20110311	   27.04	   27.42	   27.04	   27.38	       20052
1503   	士電         	20110314	   27.38	   28.18	   27.11	   27.53	       31533
1503   	士電         	20110315	   27.04	   27.38	   26.05	   26.58	       39260
1503   	士電         	20110316	   26.73	   27.00	   26.58	   27.00	       35123
1503   	士電         	20110317	   26.66	   27.34	   26.54	   27.00	       39517
1503   	士電         	20110318	   27.26	   27.76	   26.96	   27.45	       32632
1503   	士電         	20110321	   27.45	   27.72	   27.04	   27.19	       34466
1503   	士電         	20110322	   27.19	   27.65	   27.19	   27.49	       28004
1503   	士電         	20110323	   27.49	   27.68	   27.34	   27.49	       29040
1503   	士電         	20110324	   27.65	   28.06	   27.65	   27.99	       40425
1503   	士電         	20110325	   27.95	   27.99	   27.57	   27.99	       41245
1503   	士電         	20110328	   27.80	   27.87	   27.45	   27.45	       23587
1503   	士電         	20110329	   27.38	   27.87	   27.38	   27.80	       21553
1503   	士電         	20110330	   27.87	   27.87	   27.45	   27.80	       20346
1503   	士電         	20110331	   27.80	   27.87	   27.65	   27.65	       20343
1503   	士電         	20110401	   27.68	   27.99	   27.65	   27.72	       32563
1503   	士電         	20110406	   28.03	   28.18	   27.95	   28.06	       35088
1503   	士電         	20110407	   28.06	   28.06	   27.65	   27.72	       35165
1503   	士電         	20110408	   27.99	   27.99	   27.68	   27.84	       16886
1503   	士電         	20110411	   27.84	   27.84	   27.38	   27.45	       40548
1503   	士電         	20110412	   27.49	   27.49	   27.04	   27.11	       39295
1503   	士電         	20110413	   27.26	   27.26	   27.00	   27.11	       24970
1503   	士電         	20110414	   27.11	   27.26	   27.00	   27.11	       31292
1503   	士電         	20110415	   27.04	   27.34	   26.92	   27.07	       39788
1503   	士電         	20110418	   27.00	   27.00	   26.43	   26.69	       49544
1503   	士電         	20110419	   26.66	   27.00	   26.24	   27.00	       25367
1503   	士電         	20110420	   27.00	   27.15	   26.73	   27.15	       32195
1503   	士電         	20110421	   27.15	   27.61	   27.15	   27.61	       55228
1503   	士電         	20110422	   27.61	   27.68	   27.19	   27.49	       44927
1503   	士電         	20110425	   27.34	   27.49	   27.30	   27.34	        6510
1503   	士電         	20110426	   27.42	   27.42	   27.15	   27.42	       14273
1503   	士電         	20110427	   27.57	   27.57	   27.26	   27.49	       23313
1503   	士電         	20110428	   27.57	   27.57	   27.26	   27.45	       13806
1503   	士電         	20110429	   27.57	   27.72	   27.30	   27.42	       25323
1503   	士電         	20110503	   27.45	   28.03	   27.45	   27.61	       19711
1503   	士電         	20110504	   27.61	   27.61	   27.26	   27.49	       11261
1503   	士電         	20110505	   27.49	   27.68	   27.26	   27.49	       20274
1503   	士電         	20110506	   27.34	   27.61	   27.34	   27.42	       13121
1503   	士電         	20110509	   27.61	   27.61	   27.38	   27.49	       20045
1503   	士電         	20110510	   27.53	   27.99	   27.53	   27.72	       36055
1503   	士電         	20110511	   27.80	   27.87	   27.61	   27.61	       16240
1503   	士電         	20110512	   27.61	   28.06	   27.57	   27.95	       35612
1503   	士電         	20110513	   28.29	   28.67	   28.10	   28.18	       57072
1503   	士電         	20110516	   28.18	   28.33	   27.80	   27.84	       19597
1503   	士電         	20110517	   27.95	   28.10	   27.76	   27.87	        8949
1503   	士電         	20110518	   28.03	   28.18	   27.95	   28.06	       13096
1503   	士電         	20110519	   28.33	   28.33	   27.80	   27.80	       12023
1503   	士電         	20110520	   27.80	   27.87	   27.53	   27.80	        8726
1503   	士電         	20110523	   27.57	   27.80	   27.42	   27.57	       14345
1503   	士電         	20110524	   27.57	   28.03	   27.30	   27.57	       13650
1503   	士電         	20110525	   27.57	   28.03	   27.57	   27.65	       13546
1503   	士電         	20110526	   27.80	   28.03	   27.68	   27.76	       13735
1503   	士電         	20110527	   27.76	   28.03	   27.68	   27.68	        9624
1503   	士電         	20110530	   27.57	   27.91	   27.57	   27.68	        9216
1503   	士電         	20110531	   27.87	   27.99	   27.68	   27.99	        9631
1503   	士電         	20110601	   27.99	   28.14	   27.80	   27.80	        8713
1503   	士電         	20110602	   27.72	   27.99	   27.68	   27.68	       12665
1503   	士電         	20110603	   27.72	   27.87	   27.68	   27.76	        9119
1503   	士電         	20110607	   28.03	   28.03	   27.57	   27.72	        6125
1503   	士電         	20110608	   27.72	   27.87	   27.53	   27.57	        9686
1503   	士電         	20110609	   27.72	   27.72	   27.49	   27.65	        9247
1503   	士電         	20110610	   27.65	   27.68	   27.42	   27.57	       18756
1503   	士電         	20110613	   27.34	   27.42	   27.19	   27.23	       13538
1503   	士電         	20110614	   27.23	   27.61	   27.23	   27.45	        7276
1503   	士電         	20110615	   27.30	   27.72	   27.07	   27.57	       29714
1503   	士電         	20110616	   27.53	   27.53	   26.96	   26.96	       22757
1503   	士電         	20110617	   26.96	   27.61	   26.77	   27.61	       33420
1503   	士電         	20110620	   27.76	   27.76	   27.11	   27.34	       29939
1503   	士電         	20110621	   27.11	   27.42	   27.07	   27.42	       23902
1503   	士電         	20110622	   27.42	   27.49	   27.15	   27.49	       30652
1503   	士電         	20110623	   27.26	   27.45	   27.11	   27.34	       28335
1503   	士電         	20110624	   27.19	   27.34	   27.07	   27.34	       28340
1503   	士電         	20110627	   27.19	   27.19	   27.00	   27.00	       23622
1503   	士電         	20110628	   27.04	   27.72	   27.04	   27.26	       32112
1503   	士電         	20110629	   27.26	   27.42	   27.26	   27.42	       14908
1503   	士電         	20110630	   27.53	   27.57	   27.30	   27.57	       27030
1503   	士電         	20110701	   27.72	   27.76	   27.49	   27.76	       17985
1503   	士電         	20110704	   27.95	   27.95	   27.72	   27.72	       28534
1503   	士電         	20110705	   27.95	   27.95	   27.61	   27.76	       16278
1503   	士電         	20110706	   27.45	   27.80	   27.45	   27.68	       15620
1503   	士電         	20110707	   27.72	   28.10	   27.72	   28.06	       49951
1503   	士電         	20110708	   28.06	   28.22	   27.87	   28.03	       33257
1503   	士電         	20110711	   28.03	   28.33	   27.84	   28.29	       32593
1503   	士電         	20110712	   28.10	   28.14	   27.84	   27.84	       38582
1503   	士電         	20110713	   27.87	   28.10	   27.80	   27.91	       19054
1503   	士電         	20110714	   27.91	   28.03	   27.68	   27.68	       26512
1503   	士電         	20110715	   27.80	   27.91	   27.68	   27.91	       75647
1503   	士電         	20110718	   27.95	   28.34	   27.95	   28.15	       25031
1503   	士電         	20110719	   28.03	   28.34	   27.99	   28.31	       11889
1503   	士電         	20110720	   28.42	   28.46	   28.23	   28.31	       17082
1503   	士電         	20110721	   28.31	   28.58	   28.31	   28.46	       25051
1503   	士電         	20110722	   28.62	   28.70	   28.54	   28.66	       15550
1503   	士電         	20110725	   28.74	   28.74	   28.19	   28.31	       14091
1503   	士電         	20110726	   28.34	   28.38	   28.11	   28.27	        8609
1503   	士電         	20110727	   28.15	   28.31	   28.15	   28.19	        7961
1503   	士電         	20110728	   28.19	   28.38	   28.11	   28.11	       12097
1503   	士電         	20110729	   28.31	   29.09	   28.31	   28.34	       40910
1503   	士電         	20110801	   28.74	   29.05	   28.58	   28.90	       47969
1503   	士電         	20110802	   28.82	   29.45	   28.78	   28.97	       40104
1503   	士電         	20110803	   28.74	   28.90	   28.31	   28.34	       34829
1503   	士電         	20110804	   28.34	   28.42	   27.95	   28.07	       30871
1503   	士電         	20110805	   27.01	   27.05	   26.14	   26.42	       57039
1503   	士電         	20110808	   26.53	   26.73	   25.23	   25.31	       26669
1503   	士電         	20110809	   23.78	   25.39	   23.78	   25.20	       28942
1503   	士電         	20110810	   25.67	   25.98	   25.43	   25.83	       34616
1503   	士電         	20110811	   25.59	   26.38	   25.20	   26.38	       19932
1503   	士電         	20110812	   26.61	   26.69	   25.79	   26.14	       27884
1503   	士電         	20110815	   26.18	   26.49	   26.18	   26.34	       15079
1503   	士電         	20110816	   26.38	   26.53	   25.98	   26.30	       22012
1503   	士電         	20110817	   26.06	   26.30	   25.98	   25.98	       16493
1503   	士電         	20110818	   25.75	   25.90	   25.55	   25.75	       11847
1503   	士電         	20110819	   25.20	   25.51	   25.04	   25.16	       15785
1503   	士電         	20110822	   25.16	   25.47	   24.96	   25.04	       11669
1503   	士電         	20110823	   25.20	   26.38	   25.04	   26.38	       12146
1503   	士電         	20110824	   26.61	   26.61	   25.86	   25.90	       16150
1503   	士電         	20110825	   26.02	   26.22	   25.90	   25.90	       12608
1503   	士電         	20110826	   25.83	   26.46	   25.75	   26.46	       20967
1503   	士電         	20110829	   26.14	   26.46	   26.14	   26.18	       20638
1503   	士電         	20110830	   26.18	   26.38	   25.86	   25.98	       17895
1503   	士電         	20110831	   25.98	   26.22	   25.83	   26.22	       17165
1503   	士電         	20110901	   26.22	   26.46	   25.94	   26.18	       40483
1503   	士電         	20110902	   25.98	   26.14	   25.79	   25.98	        8081
1503   	士電         	20110905	   25.75	   25.75	   25.27	   25.39	        8948
1503   	士電         	20110906	   25.20	   25.67	   25.00	   25.16	       23595
1503   	士電         	20110907	   25.27	   25.43	   25.12	   25.16	        6931
1503   	士電         	20110908	   25.43	   25.43	   25.04	   25.20	       14467
1503   	士電         	20110909	   25.35	   25.35	   25.12	   25.20	        6996
1503   	士電         	20110913	   25.04	   25.31	   24.88	   24.88	       13041
1503   	士電         	20110914	   25.12	   25.12	   24.45	   24.45	       18069
1503   	士電         	20110915	   24.68	   24.88	   24.68	   24.88	        7132
1503   	士電         	20110916	   24.88	   25.55	   24.88	   25.55	       10673
1503   	士電         	20110919	   25.51	   25.51	   24.96	   25.04	        5208
1503   	士電         	20110920	   25.27	   25.39	   24.88	   25.00	        4062
1503   	士電         	20110921	   25.23	   25.35	   25.00	   25.35	        4953
1503   	士電         	20110922	   25.12	   25.12	   24.57	   24.88	       10209
1503   	士電         	20110923	   24.41	   24.49	   24.01	   24.17	       31182
1503   	士電         	20110926	   24.01	   24.29	   23.46	   23.50	       15594
1503   	士電         	20110927	   23.62	   24.01	   23.62	   23.66	        9278
1503   	士電         	20110928	   23.78	   23.86	   23.50	   23.78	        9715
1503   	士電         	20110929	   23.66	   24.25	   23.46	   24.25	       10358
1503   	士電         	20110930	   24.01	   24.49	   23.86	   24.49	       12603
1503   	士電         	20111003	   24.09	   24.33	   23.94	   23.94	       10497
1503   	士電         	20111004	   23.94	   24.01	   23.70	   23.74	        5320
1503   	士電         	20111005	   24.13	   24.13	   23.70	   23.78	        8140
1503   	士電         	20111006	   24.01	   24.29	   23.78	   23.78	        6197
1503   	士電         	20111007	   24.25	   24.25	   23.97	   24.05	        5928
1503   	士電         	20111011	   24.25	   24.33	   24.21	   24.25	       16063
1503   	士電         	20111012	   24.25	   24.57	   24.17	   24.29	       16536
1503   	士電         	20111013	   24.29	   24.41	   24.25	   24.41	        4005
1503   	士電         	20111014	   24.41	   24.41	   24.21	   24.25	        1981
1503   	士電         	20111017	   24.41	   24.41	   24.29	   24.29	        7410
1503   	士電         	20111018	   24.13	   24.25	   24.05	   24.13	        6064
1503   	士電         	20111019	   24.13	   24.25	   24.01	   24.05	        4048
1503   	士電         	20111020	   24.25	   24.25	   23.94	   23.94	        2541
1503   	士電         	20111021	   24.09	   24.09	   23.74	   24.09	        5023
1503   	士電         	20111024	   24.25	   24.64	   24.25	   24.60	       13578
1503   	士電         	20111025	   24.60	   24.60	   24.41	   24.41	        4491
1503   	士電         	20111026	   24.25	   24.60	   24.21	   24.57	        5404
1503   	士電         	20111027	   24.57	   24.84	   24.57	   24.80	        6897
1503   	士電         	20111028	   25.16	   25.20	   24.76	   24.76	       12903
1503   	士電         	20111031	   24.64	   24.80	   24.57	   24.64	        8914
1503   	士電         	20111101	   24.68	   25.20	   24.49	   25.00	        8492
1503   	士電         	20111102	   24.88	   24.88	   24.60	   24.80	        5069
1503   	士電         	20111103	   24.80	   24.96	   24.53	   24.53	        3618
1503   	士電         	20111104	   24.64	   25.08	   24.64	   24.88	        8606
1503   	士電         	20111107	   24.88	   24.96	   24.80	   24.88	        4752
1503   	士電         	20111108	   25.00	   25.51	   25.00	   25.04	       12614
1503   	士電         	20111109	   25.20	   25.27	   24.96	   24.96	        5366
1503   	士電         	20111110	   24.49	   24.76	   24.49	   24.53	       15749
1503   	士電         	20111111	   24.53	   25.47	   24.53	   25.35	       18750
1503   	士電         	20111114	   25.59	   25.67	   25.23	   25.39	       11418
1503   	士電         	20111115	   25.39	   25.51	   25.08	   25.08	        5005
1503   	士電         	20111116	   25.31	   25.31	   24.96	   25.12	        3562
1503   	士電         	20111117	   24.84	   25.12	   24.84	   24.88	        3139
1503   	士電         	20111118	   24.92	   25.08	   24.68	   24.88	        5609
1503   	士電         	20111121	   24.49	   24.72	   24.25	   24.25	       11740
1503   	士電         	20111122	   24.17	   24.49	   24.13	   24.33	        5816
1503   	士電         	20111123	   24.17	   24.21	   23.70	   23.78	        8596
1503   	士電         	20111124	   23.78	   24.25	   23.78	   24.21	        5262
1503   	士電         	20111125	   24.25	   24.29	   23.74	   23.86	       10600
1503   	士電         	20111128	   23.90	   24.21	   23.90	   24.01	        3869
1503   	士電         	20111129	   24.09	   24.25	   24.01	   24.17	        4612
1503   	士電         	20111130	   23.97	   24.05	   23.70	   23.78	        5700
1503   	士電         	20111201	   24.05	   24.45	   24.05	   24.17	       16702
1503   	士電         	20111202	   24.01	   24.13	   23.70	   23.97	       13451
1503   	士電         	20111205	   23.97	   24.09	   23.86	   23.90	        2991
1503   	士電         	20111206	   23.86	   23.97	   23.82	   23.90	        4253
1503   	士電         	20111207	   23.86	   24.13	   23.86	   24.01	        4696
1503   	士電         	20111208	   24.01	   24.01	   23.62	   23.74	        6851
1503   	士電         	20111209	   23.62	   23.86	   23.54	   23.82	        7619
1503   	士電         	20111212	   23.86	   24.29	   23.86	   23.97	        8642
1503   	士電         	20111213	   23.97	   24.37	   23.90	   24.17	       11190
1503   	士電         	20111214	   24.25	   24.53	   24.09	   24.17	       10204
1503   	士電         	20111215	   24.05	   24.21	   23.78	   23.78	        9159
1503   	士電         	20111216	   23.78	   24.05	   23.66	   23.78	        9404
1503   	士電         	20111219	   23.78	   23.78	   23.27	   23.54	        8361
1503   	士電         	20111220	   23.54	   23.70	   23.46	   23.58	        9073
1503   	士電         	20111221	   24.01	   24.41	   23.94	   24.41	        8509
1503   	士電         	20111222	   24.29	   24.29	   23.90	   24.21	       10603
1503   	士電         	20111223	   24.21	   24.41	   24.21	   24.29	       10530
1503   	士電         	20111226	   24.33	   24.33	   24.25	   24.29	        3303
1503   	士電         	20111227	   24.29	   24.37	   24.25	   24.29	        4441
1503   	士電         	20111228	   24.33	   24.57	   24.33	   24.49	       11444
1503   	士電         	20111229	   24.29	   24.49	   24.25	   24.41	        8145
1503   	士電         	20111230	   24.49	   25.20	   24.49	   25.20	       21889
1503   	士電         	20120102	   25.12	   25.12	   24.49	   24.49	        5870
1503   	士電         	20120103	   24.57	   24.96	   24.57	   24.80	        3917
1503   	士電         	20120104	   24.60	   24.96	   24.57	   24.96	        9097
1503   	士電         	20120105	   24.60	   24.96	   24.60	   24.96	        9706
1503   	士電         	20120106	   24.76	   25.12	   24.60	   25.12	       16307
1503   	士電         	20120109	   24.88	   25.00	   24.68	   25.00	        4731
1503   	士電         	20120110	   25.00	   25.12	   24.88	   25.00	       10496
1503   	士電         	20120111	   25.16	   25.20	   24.96	   25.12	        9468
1503   	士電         	20120112	   25.12	   25.12	   24.80	   25.12	        9574
1503   	士電         	20120113	   24.92	   25.12	   24.80	   24.80	        5616
1503   	士電         	20120116	   24.80	   24.88	   24.64	   24.64	        6332
1503   	士電         	20120117	   24.64	   24.92	   24.64	   24.80	        3856
1503   	士電         	20120118	   24.80	   25.16	   24.80	   25.12	       16347
1503   	士電         	20120130	   25.35	   25.59	   25.20	   25.27	        6681
1503   	士電         	20120131	   25.20	   25.51	   25.20	   25.35	        7720
1503   	士電         	20120201	   25.43	   25.67	   25.39	   25.55	        9900
1503   	士電         	20120202	   25.59	   25.83	   25.35	   25.75	       14915
1503   	士電         	20120203	   25.75	   25.86	   25.47	   25.79	       13346
1503   	士電         	20120204	   25.79	   26.14	   25.63	   26.02	       14111
1503   	士電         	20120206	   25.79	   25.86	   25.55	   25.83	       10998
1503   	士電         	20120207	   25.59	   25.83	   25.35	   25.83	       10660
1503   	士電         	20120208	   25.63	   26.02	   25.63	   26.02	       15911
1503   	士電         	20120209	   25.98	   26.18	   25.75	   26.14	       14156
1503   	士電         	20120210	   26.02	   26.18	   25.98	   26.18	       18558
1503   	士電         	20120213	   26.18	   26.57	   26.14	   26.26	       21991
1503   	士電         	20120214	   26.26	   26.38	   25.75	   25.79	       18651
1503   	士電         	20120215	   25.75	   26.14	   25.75	   26.06	       12492
1503   	士電         	20120216	   25.98	   25.98	   25.67	   25.71	        6576
1503   	士電         	20120217	   25.75	   25.94	   25.67	   25.86	        8474
1503   	士電         	20120220	   25.67	   25.94	   25.67	   25.86	        4721
1503   	士電         	20120221	   25.90	   25.90	   25.71	   25.75	        4230
1503   	士電         	20120222	   25.83	   26.10	   25.75	   26.06	        7818
1503   	士電         	20120223	   26.06	   26.06	   25.86	   25.90	        8450
1503   	士電         	20120224	   25.98	   26.14	   25.90	   25.98	        7687
1503   	士電         	20120229	   26.38	   26.38	   25.98	   26.06	        9409
1503   	士電         	20120301	   26.14	   26.22	   26.10	   26.14	        6953
1503   	士電         	20120302	   26.22	   26.26	   26.14	   26.18	        9967
1503   	士電         	20120303	   26.34	   26.34	   26.18	   26.30	       15980
1503   	士電         	20120305	   26.30	   26.38	   25.86	   25.90	        9791
1503   	士電         	20120306	   25.90	   25.90	   25.51	   25.86	       10642
1503   	士電         	20120307	   25.23	   25.59	   25.23	   25.51	        7549
1503   	士電         	20120308	   25.35	   25.71	   25.35	   25.63	        5204
1503   	士電         	20120309	   25.67	   25.86	   25.43	   25.83	        7196
1503   	士電         	20120312	   25.83	   25.94	   25.83	   25.83	       11117
1503   	士電         	20120313	   25.83	   26.22	   25.75	   26.18	       12785
1503   	士電         	20120314	   26.22	   26.38	   26.18	   26.38	       18037
1503   	士電         	20120315	   26.38	   26.53	   26.18	   26.26	       14742
1503   	士電         	20120316	   26.30	   26.38	   25.90	   25.90	        9648
1503   	士電         	20120319	   26.06	   26.06	   25.94	   25.94	        5754
1503   	士電         	20120320	   25.94	   26.06	   25.90	   25.90	        3349
1503   	士電         	20120321	   26.06	   26.06	   25.86	   25.94	        6822
1503   	士電         	20120322	   26.06	   26.14	   25.94	   26.14	        5939
1503   	士電         	20120323	   26.14	   26.22	   26.06	   26.18	        7409
1503   	士電         	20120326	   26.22	   26.22	   25.90	   26.02	        6124
1503   	士電         	20120327	   25.98	   26.06	   25.90	   25.94	        3487
1503   	士電         	20120328	   25.90	   26.02	   25.79	   25.90	        5590
1503   	士電         	20120329	   25.79	   25.79	   25.31	   25.75	       14302
1503   	士電         	20120330	   25.67	   25.75	   25.47	   25.55	        4884
1503   	士電         	20120402	   25.59	   25.59	   25.39	   25.39	        3718
1503   	士電         	20120403	   25.39	   25.43	   25.16	   25.23	       12460
1503   	士電         	20120405	   25.20	   25.20	   24.72	   25.20	        9609
1503   	士電         	20120406	   25.12	   25.27	   25.00	   25.16	        6936
1503   	士電         	20120409	   25.04	   25.16	   24.84	   25.00	        6196
1503   	士電         	20120410	   24.96	   26.18	   24.88	   26.06	       39227
1503   	士電         	20120411	   25.79	   27.05	   25.79	   26.85	       52567
1503   	士電         	20120412	   26.85	   27.48	   26.53	   27.36	       37534
1503   	士電         	20120413	   27.36	   28.03	   27.12	   28.03	       38466
1503   	士電         	20120416	   28.03	   28.27	   27.48	   28.11	       33505
1503   	士電         	20120417	   28.11	   28.11	   27.60	   27.99	       29695
1503   	士電         	20120418	   27.99	   28.03	   27.56	   27.99	       24132
1503   	士電         	20120419	   27.56	   27.99	   27.16	   27.99	       20790
1503   	士電         	20120420	   27.95	   27.95	   27.64	   27.87	       11331
1503   	士電         	20120423	   27.40	   27.87	   27.40	   27.83	        5854
1503   	士電         	20120424	   27.56	   27.83	   27.24	   27.56	       15827
1503   	士電         	20120425	   27.56	   27.68	   27.32	   27.56	       22158
1503   	士電         	20120426	   27.56	   27.64	   27.36	   27.40	        5106
1503   	士電         	20120427	   27.40	   27.56	   27.28	   27.44	        6150
1503   	士電         	20120430	   27.44	   27.44	   27.24	   27.40	        4315
1503   	士電         	20120502	   27.48	   27.79	   27.48	   27.75	       15673
1503   	士電         	20120503	   27.75	   27.75	   27.56	   27.75	        6956
1503   	士電         	20120504	   27.64	   27.75	   27.56	   27.75	        8235
1503   	士電         	20120507	   27.56	   27.68	   27.40	   27.56	        6401
1503   	士電         	20120508	   27.40	   27.68	   27.16	   27.68	        5854
1503   	士電         	20120509	   27.64	   27.68	   27.36	   27.60	        9668
1503   	士電         	20120510	   27.60	   27.60	   27.52	   27.52	       10520
1503   	士電         	20120511	   27.36	   27.64	   27.24	   27.52	        9704
1503   	士電         	20120514	   27.32	   27.52	   27.32	   27.52	        3483
1503   	士電         	20120515	   27.28	   27.48	   27.16	   27.48	        4205
1503   	士電         	20120516	   27.28	   27.40	   27.20	   27.28	        6948
1503   	士電         	20120517	   27.28	   27.48	   27.05	   27.48	       13197
1503   	士電         	20120518	   27.32	   27.40	   26.69	   27.40	       14103
1503   	士電         	20120521	   27.16	   27.48	   27.01	   27.48	        7216
1503   	士電         	20120522	   27.48	   27.56	   27.28	   27.56	        5541
1503   	士電         	20120523	   27.28	   27.60	   27.16	   27.36	        4726
1503   	士電         	20120524	   27.32	   27.48	   27.16	   27.32	        5416
1503   	士電         	20120525	   27.12	   27.32	   27.05	   27.28	        4196
1503   	士電         	20120528	   27.20	   27.40	   26.97	   27.40	        3402
1503   	士電         	20120529	   27.32	   27.79	   27.28	   27.79	        7574
1503   	士電         	20120530	   27.79	   27.87	   27.28	   27.87	        6844
1503   	士電         	20120531	   27.79	   27.99	   27.48	   27.99	        7230
1503   	士電         	20120601	   27.91	   27.91	   27.64	   27.79	        3391
1503   	士電         	20120604	   27.20	   27.44	   26.61	   27.16	        5151
1503   	士電         	20120605	   27.08	   27.24	   26.97	   27.20	        3128
1503   	士電         	20120606	   27.20	   27.40	   27.01	   27.16	        1850
1503   	士電         	20120607	   27.16	   27.40	   27.05	   27.32	        3489
1503   	士電         	20120608	   27.08	   27.40	   27.05	   27.40	        3777
1503   	士電         	20120611	   27.32	   27.64	   27.24	   27.48	        7097
1503   	士電         	20120612	   27.32	   27.99	   27.32	   27.79	        9402
1503   	士電         	20120613	   27.79	   27.79	   27.68	   27.79	        2896
1503   	士電         	20120614	   27.64	   27.79	   27.56	   27.75	        3507
1503   	士電         	20120615	   27.75	   27.79	   27.32	   27.56	       16947
1503   	士電         	20120618	   27.56	   27.79	   27.48	   27.56	        4736
1503   	士電         	20120619	   27.52	   27.71	   27.52	   27.64	        4113
1503   	士電         	20120620	   27.75	   27.79	   27.60	   27.71	        4120
1503   	士電         	20120621	   27.60	   27.87	   27.56	   27.83	        9614
1503   	士電         	20120622	   27.60	   27.60	   27.36	   27.36	        5542
1503   	士電         	20120625	   27.32	   27.48	   26.77	   27.48	       11378
1503   	士電         	20120626	   27.36	   27.68	   27.20	   27.52	        6580
1503   	士電         	20120627	   27.28	   27.64	   27.24	   27.64	        6575
1503   	士電         	20120628	   27.64	   27.71	   27.44	   27.68	        2511
1503   	士電         	20120629	   27.68	   27.71	   27.56	   27.64	        4690
1503   	士電         	20120702	   27.64	   27.79	   27.56	   27.64	        9393
1503   	士電         	20120703	   27.56	   27.83	   27.56	   27.79	        9491
1503   	士電         	20120704	   27.79	   27.79	   27.64	   27.71	       10020
1503   	士電         	20120705	   27.71	   27.79	   27.71	   27.79	       11886
1503   	士電         	20120706	   27.79	   27.79	   27.71	   27.75	        8639
1503   	士電         	20120709	   27.60	   27.91	   27.52	   27.91	        7322
1503   	士電         	20120710	   27.91	   27.95	   27.87	   27.91	       15926
1503   	士電         	20120711	   27.32	   28.03	   27.32	   27.95	       16816
1503   	士電         	20120712	   27.87	   27.87	   27.56	   27.79	       12005
1503   	士電         	20120713	   27.60	   27.95	   27.52	   27.87	       28148
1503   	士電         	20120716	   27.87	   28.08	   27.83	   28.04	       14035
1503   	士電         	20120717	   27.79	   28.12	   27.79	   28.12	        4842
1503   	士電         	20120718	   27.95	   28.20	   27.95	   28.16	        3554
1503   	士電         	20120719	   28.12	   28.36	   28.12	   28.28	        7628
1503   	士電         	20120720	   28.36	   28.40	   28.12	   28.28	        8108
1503   	士電         	20120723	   28.28	   28.28	   27.99	   28.28	        4676
1503   	士電         	20120724	   28.12	   28.24	   28.08	   28.08	        2986
1503   	士電         	20120725	   27.87	   28.20	   27.87	   28.04	        3847
1503   	士電         	20120726	   27.91	   28.08	   27.91	   28.08	        4671
1503   	士電         	20120727	   28.08	   28.12	   27.99	   28.08	        2102
1503   	士電         	20120730	   27.99	   28.08	   27.95	   28.04	        2060
1503   	士電         	20120731	   28.04	   28.28	   28.04	   28.28	        5894
1503   	士電         	20120801	   28.08	   28.28	   28.04	   28.28	        3982
1503   	士電         	20120803	   28.04	   28.32	   28.04	   28.32	        2716
1503   	士電         	20120806	   28.32	   28.36	   28.12	   28.28	        2697
1503   	士電         	20120807	   28.20	   28.32	   28.20	   28.32	        1468
1503   	士電         	20120808	   28.32	   28.36	   28.20	   28.36	        5736
1503   	士電         	20120809	   28.36	   28.40	   28.20	   28.40	        7249
1503   	士電         	20120810	   28.32	   28.36	   28.16	   28.28	        7402
1503   	士電         	20120813	   28.16	   28.36	   28.16	   28.36	        8888
1503   	士電         	20120814	   28.20	   28.52	   28.20	   28.36	        5508
1503   	士電         	20120815	   28.20	   28.48	   28.12	   28.12	        6925
1503   	士電         	20120816	   28.12	   28.32	   28.04	   28.12	        6056
1503   	士電         	20120817	   28.12	   28.40	   28.12	   28.40	        6194
1503   	士電         	20120820	   28.36	   28.40	   28.16	   28.40	        7948
1503   	士電         	20120821	   28.40	   28.52	   28.32	   28.52	       13611
1503   	士電         	20120822	   28.44	   28.52	   28.28	   28.52	       22643
1503   	士電         	20120823	   28.52	   28.52	   28.36	   28.48	        2676
1503   	士電         	20120824	   28.48	   28.52	   28.40	   28.52	       12713
1503   	士電         	20120827	   28.48	   28.52	   28.28	   28.52	        6928
1503   	士電         	20120828	   28.32	   28.48	   28.28	   28.28	        3781
1503   	士電         	20120829	   28.16	   28.52	   28.16	   28.52	        3161
1503   	士電         	20120830	   28.52	   28.52	   28.24	   28.48	        4180
1503   	士電         	20120831	   28.16	   28.52	   28.16	   28.36	        4109
1503   	士電         	20120903	   28.36	   28.52	   28.28	   28.48	        4766
1503   	士電         	20120904	   28.52	   28.52	   28.40	   28.44	        1915
1503   	士電         	20120905	   28.44	   28.44	   28.28	   28.36	        1246
1503   	士電         	20120906	   28.32	   28.36	   28.16	   28.36	        3877
1503   	士電         	20120907	   28.40	   28.48	   28.28	   28.44	        5090
1503   	士電         	20120910	   28.48	   30.15	   28.48	   29.54	       35009
1503   	士電         	20120911	   29.58	   29.58	   28.93	   28.93	       14956
1503   	士電         	20120912	   29.09	   29.30	   28.93	   29.01	        6222
1503   	士電         	20120913	   29.01	   29.18	   28.93	   28.93	        6703
1503   	士電         	20120914	   29.26	   29.50	   29.18	   29.34	       12609
1503   	士電         	20120917	   29.50	   29.67	   29.09	   29.22	        6774
1503   	士電         	20120918	   29.22	   29.26	   28.81	   28.89	        6033
1503   	士電         	20120919	   28.93	   29.09	   28.89	   28.97	        5655
1503   	士電         	20120920	   28.97	   29.01	   28.65	   28.81	        4610
1503   	士電         	20120921	   28.85	   28.85	   28.61	   28.61	       10078
1503   	士電         	20120924	   28.61	   28.93	   28.61	   28.93	        7495
1503   	士電         	20120925	   28.89	   28.93	   28.77	   28.81	        4304
1503   	士電         	20120926	   28.61	   28.73	   28.52	   28.57	        3175
1503   	士電         	20120927	   28.44	   28.73	   28.44	   28.52	        4046
1503   	士電         	20120928	   28.40	   28.52	   28.36	   28.36	        3665
1503   	士電         	20121001	   28.52	   29.01	   28.52	   28.52	        8352
1503   	士電         	20121002	   28.77	   28.77	   28.52	   28.69	        1952
1503   	士電         	20121003	   28.69	   28.77	   28.40	   28.52	        2613
1503   	士電         	20121004	   28.52	   28.52	   28.36	   28.44	        2848
1503   	士電         	20121005	   28.52	   28.69	   28.44	   28.52	       81158
1503   	士電         	20121008	   28.89	   30.52	   28.89	   29.54	       37228
1503   	士電         	20121009	   28.93	   29.42	   28.93	   28.97	        9321
1503   	士電         	20121011	   28.89	   28.89	   28.52	   28.61	       11057
1503   	士電         	20121012	   28.61	   29.09	   28.52	   28.85	       13405
1503   	士電         	20121015	   28.52	   28.81	   28.28	   28.36	       11719
1503   	士電         	20121016	   28.36	   28.57	   28.32	   28.48	        2936
1503   	士電         	20121017	   28.48	   28.57	   28.20	   28.44	        7951
1503   	士電         	20121018	   28.52	   28.77	   28.32	   28.77	        9372
1503   	士電         	20121019	   28.89	   28.89	   28.52	   28.57	        3403
1503   	士電         	20121022	   28.52	   28.52	   28.24	   28.40	        4804
1503   	士電         	20121023	   28.52	   28.52	   28.24	   28.36	        3200
1503   	士電         	20121024	   28.08	   28.28	   28.08	   28.20	        2375
1503   	士電         	20121025	   28.16	   28.48	   28.16	   28.20	        4913
1503   	士電         	20121026	   28.20	   28.36	   27.87	   28.20	        7290
1503   	士電         	20121029	   28.20	   28.20	   27.42	   27.42	        5573
1503   	士電         	20121030	   27.67	   28.12	   27.59	   28.08	        9837
1503   	士電         	20121031	   28.12	   28.28	   27.71	   28.28	       13249
1503   	士電         	20121101	   27.87	   28.61	   27.71	   28.61	        7857
1503   	士電         	20121102	   28.61	   28.85	   28.36	   28.57	        4458
1503   	士電         	20121105	   28.61	   28.77	   28.28	   28.69	        5186
1503   	士電         	20121106	   28.69	   28.93	   28.44	   28.93	        9036
1503   	士電         	20121107	   28.93	   29.34	   28.69	   29.30	       14979
1503   	士電         	20121108	   29.18	   29.50	   28.89	   29.42	       10908
1503   	士電         	20121109	   29.30	   29.58	   29.18	   29.54	       15058
1503   	士電         	20121112	   29.54	   29.54	   29.38	   29.54	        9425
1503   	士電         	20121113	   29.38	   29.46	   28.97	   29.34	       14015
1503   	士電         	20121114	   29.09	   29.34	   28.93	   29.30	        5456
1503   	士電         	20121115	   28.97	   29.50	   28.81	   29.50	       20849
1503   	士電         	20121116	   29.26	   29.50	   29.18	   29.18	        6427
1503   	士電         	20121119	   29.18	   29.34	   29.09	   29.26	        8903
1503   	士電         	20121120	   29.30	   29.46	   29.01	   29.01	        6369
1503   	士電         	20121121	   28.97	   29.01	   28.77	   29.01	        8357
1503   	士電         	20121122	   28.85	   28.97	   28.81	   28.97	        2329
1503   	士電         	20121123	   28.97	   29.18	   28.93	   29.05	        2211
1503   	士電         	20121126	   29.09	   29.26	   29.01	   29.26	        1903
1503   	士電         	20121127	   29.26	   29.34	   29.01	   29.09	        1788
1503   	士電         	20121128	   28.97	   29.34	   28.97	   29.14	        6594
1503   	士電         	20121129	   29.30	   29.42	   29.01	   29.30	       17482
1503   	士電         	20121130	   29.30	   29.34	   29.18	   29.30	       10629
1503   	士電         	20121203	   29.30	   29.42	   29.22	   29.30	        6325
1503   	士電         	20121204	   29.22	   29.34	   29.22	   29.34	        2624
1503   	士電         	20121205	   29.01	   29.34	   29.01	   29.34	        5005
1503   	士電         	20121206	   29.34	   29.34	   29.09	   29.14	        3106
1503   	士電         	20121207	   29.18	   29.34	   29.18	   29.34	        3367
1503   	士電         	20121210	   29.34	   29.34	   29.22	   29.26	        8849
1503   	士電         	20121211	   28.97	   29.34	   28.97	   29.26	       10114
1503   	士電         	20121212	   29.26	   29.34	   29.22	   29.22	        2320
1503   	士電         	20121213	   29.34	   29.34	   29.05	   29.26	        4321
1503   	士電         	20121214	   29.26	   29.34	   29.09	   29.14	        2466
1503   	士電         	20121217	   29.14	   29.26	   29.09	   29.14	        1747
1503   	士電         	20121218	   29.14	   29.18	   29.01	   29.18	        3574
1503   	士電         	20121219	   29.18	   29.22	   29.09	   29.18	        2897
1503   	士電         	20121220	   29.01	   29.30	   29.01	   29.26	        3870
1503   	士電         	20121221	   29.01	   29.09	   27.99	   27.99	       22316
1503   	士電         	20121222	   28.73	   29.30	   28.24	   28.85	        8609
1503   	士電         	20121224	   28.57	   28.93	   28.57	   28.85	        4747
1503   	士電         	20121225	   28.73	   29.14	   28.73	   29.01	        4760
1503   	士電         	20121226	   29.01	   29.05	   28.69	   28.93	        4385
1503   	士電         	20121227	   28.61	   29.26	   28.61	   29.18	        3675
1503   	士電         	20121228	   29.18	   29.34	   29.09	   29.34	       14094
1503   	士電         	20130102	   29.34	   29.34	   29.09	   29.34	        2658
1503   	士電         	20130103	   29.42	   29.42	   29.22	   29.30	        2995
1503   	士電         	20130104	   29.26	   29.34	   29.01	   29.05	        5857
1503   	士電         	20130107	   29.05	   29.14	   28.93	   29.01	        4352
1503   	士電         	20130108	   28.97	   28.97	   28.81	   28.97	        3017
1503   	士電         	20130109	   28.97	   29.09	   28.81	   29.09	        3647
1503   	士電         	20130110	   29.09	   29.30	   29.01	   29.26	        9948
1503   	士電         	20130111	   29.14	   29.34	   29.14	   29.30	       10275
1503   	士電         	20130114	   29.14	   29.30	   28.81	   29.22	        1724
1503   	士電         	20130115	   29.22	   29.26	   29.01	   29.26	        1645
1503   	士電         	20130116	   29.05	   29.26	   28.97	   29.26	        6883
1503   	士電         	20130117	   29.05	   29.14	   29.01	   29.01	        2017
1503   	士電         	20130118	   29.09	   29.09	   28.97	   28.97	        3333
1503   	士電         	20130121	   28.89	   29.09	   28.89	   28.97	        3834
1503   	士電         	20130122	   28.97	   29.26	   28.93	   29.26	        2609
1503   	士電         	20130123	   29.01	   29.18	   28.97	   29.18	        2496
1503   	士電         	20130124	   28.85	   29.14	   28.85	   29.14	        1600
1503   	士電         	20130125	   28.85	   29.14	   28.81	   29.14	        4002
1503   	士電         	20130128	   28.93	   29.22	   28.93	   29.18	        2943
1503   	士電         	20130129	   29.18	   29.26	   29.01	   29.18	        2549
1503   	士電         	20130130	   29.18	   29.34	   29.09	   29.34	        5776
1503   	士電         	20130131	   29.34	   29.34	   29.09	   29.09	        3120
1503   	士電         	20130201	   29.14	   29.26	   29.01	   29.14	        2098
1503   	士電         	20130204	   29.14	   29.30	   29.09	   29.22	        4016
1503   	士電         	20130205	   29.26	   29.30	   29.09	   29.09	        2314
1503   	士電         	20130206	   29.18	   29.18	   29.09	   29.18	        3672
1503   	士電         	20130218	   29.34	   29.34	   29.18	   29.18	        9442
1503   	士電         	20130219	   29.18	   29.34	   29.09	   29.09	        9606
1503   	士電         	20130220	   29.30	   29.34	   29.14	   29.26	        5950
1503   	士電         	20130221	   29.26	   29.30	   29.05	   29.30	        4128
1503   	士電         	20130222	   29.30	   29.34	   29.14	   29.34	        2819
1503   	士電         	20130223	   29.34	   29.34	   29.01	   29.26	        6089
1503   	士電         	20130225	   29.01	   29.26	   29.01	   29.09	        3276
1503   	士電         	20130226	   29.09	   29.26	   29.01	   29.18	        5954
1503   	士電         	20130227	   29.26	   29.30	   29.09	   29.26	        4977
1503   	士電         	20130301	   29.30	   29.30	   29.09	   29.22	        3076
1503   	士電         	20130304	   29.22	   29.22	   29.01	   29.01	        4652
1503   	士電         	20130305	   28.97	   29.30	   28.93	   29.14	        9113
1503   	士電         	20130306	   28.65	   29.14	   28.65	   29.14	        4888
1503   	士電         	20130307	   29.09	   29.09	   28.93	   29.09	       10674
1503   	士電         	20130308	   29.09	   29.09	   28.93	   29.09	        6055
1503   	士電         	20130311	   29.09	   29.26	   29.01	   29.22	       15345
1503   	士電         	20130312	   28.97	   29.26	   28.97	   29.14	       13858
1503   	士電         	20130313	   29.18	   29.18	   28.97	   29.18	        5038
1503   	士電         	20130314	   29.18	   29.18	   28.97	   29.14	        3220
1503   	士電         	20130315	   28.97	   29.18	   28.77	   28.89	       12596
1503   	士電         	20130318	   28.89	   29.01	   28.69	   28.97	        3114
1503   	士電         	20130319	   27.63	   29.09	   27.02	   29.01	        6158
1503   	士電         	20130320	   28.69	   28.93	   28.69	   28.93	        6319
1503   	士電         	20130321	   28.69	   28.93	   28.69	   28.93	        2054
1503   	士電         	20130322	   28.61	   28.93	   28.61	   28.85	        3984
1503   	士電         	20130325	   28.93	   28.93	   28.69	   28.77	        1345
1503   	士電         	20130326	   28.65	   28.85	   28.65	   28.77	        3310
1503   	士電         	20130327	   28.85	   28.89	   28.69	   28.89	        4488
1503   	士電         	20130328	   28.97	   28.97	   28.73	   28.85	        4826
1503   	士電         	20130329	   28.85	   29.01	   28.73	   29.01	        6491
1503   	士電         	20130401	   28.77	   29.01	   28.77	   29.01	        9230
1503   	士電         	20130402	   28.73	   28.93	   28.73	   28.93	         987
1503   	士電         	20130403	   28.93	   29.01	   28.85	   28.97	       10137
1503   	士電         	20130408	   28.93	   28.93	   28.52	   28.85	        6490
1503   	士電         	20130409	   28.69	   28.77	   28.65	   28.69	        3830
1503   	士電         	20130410	   28.73	   28.85	   28.69	   28.85	        8959
1503   	士電         	20130411	   28.93	   28.93	   28.81	   28.85	        8035
1503   	士電         	20130412	   28.85	   28.93	   28.77	   28.77	        3173
1503   	士電         	20130415	   28.77	   28.81	   28.65	   28.81	        2938
1503   	士電         	20130416	   28.81	   28.85	   28.65	   28.85	        2537
1503   	士電         	20130417	   28.69	   28.85	   28.65	   28.81	        5688
1503   	士電         	20130418	   28.57	   28.81	   28.57	   28.81	        2597
1503   	士電         	20130419	   28.85	   28.93	   28.69	   28.89	        4356
1503   	士電         	20130422	   28.89	   29.14	   28.73	   29.01	        3561
1503   	士電         	20130423	   28.73	   29.01	   28.73	   28.85	        4237
1503   	士電         	20130424	   28.73	   28.93	   28.73	   28.93	        4131
1503   	士電         	20130425	   28.81	   28.93	   28.77	   28.89	        6704
1503   	士電         	20130426	   28.89	   29.34	   28.81	   29.18	       21570
1503   	士電         	20130429	   29.50	   29.99	   29.14	   29.18	       11021
1503   	士電         	20130430	   29.30	   29.30	   28.93	   28.97	        3629
1503   	士電         	20130502	   28.89	   29.09	   28.85	   29.01	        5652
1503   	士電         	20130503	   28.93	   29.22	   28.93	   28.97	        8781
1503   	士電         	20130506	   28.97	   29.01	   28.93	   28.97	        7652
1503   	士電         	20130507	   28.97	   29.09	   28.93	   28.97	        3570
1503   	士電         	20130508	   28.97	   29.26	   28.97	   29.22	       16048
1503   	士電         	20130509	   29.22	   29.26	   29.14	   29.22	        4755
1503   	士電         	20130510	   29.22	   29.26	   29.09	   29.26	       12410
1503   	士電         	20130513	   29.26	   29.26	   29.09	   29.09	       10058
1503   	士電         	20130514	   29.18	   29.18	   28.93	   29.09	        2967
1503   	士電         	20130515	   29.18	   29.18	   29.01	   29.18	        4525
1503   	士電         	20130516	   29.30	   29.34	   29.05	   29.18	        9080
1503   	士電         	20130517	   29.18	   29.18	   29.09	   29.14	        5818
1503   	士電         	20130520	   29.18	   29.22	   29.09	   29.14	        3481
1503   	士電         	20130521	   29.14	   29.18	   29.01	   29.09	        3821
1503   	士電         	20130522	   29.09	   29.18	   29.01	   29.18	        5805
1503   	士電         	20130523	   29.18	   29.42	   29.01	   29.01	        9895
1503   	士電         	20130524	   28.89	   29.14	   28.89	   28.89	        5007
1503   	士電         	20130527	   28.85	   29.01	   28.77	   29.01	        4230
1503   	士電         	20130528	   28.81	   29.09	   28.81	   29.01	        2249
1503   	士電         	20130529	   29.09	   29.14	   29.01	   29.01	        1515
1503   	士電         	20130530	   29.18	   29.18	   28.85	   29.01	        2826
1503   	士電         	20130531	   28.93	   29.18	   28.93	   29.09	        4854
1503   	士電         	20130603	   28.81	   29.05	   28.81	   28.97	        2710
1503   	士電         	20130604	   28.85	   29.01	   28.85	   29.01	        2596
1503   	士電         	20130605	   29.01	   29.01	   28.89	   28.93	       10576
1503   	士電         	20130606	   29.42	   29.42	   28.85	   28.93	        7952
1503   	士電         	20130607	   29.26	   29.46	   28.85	   29.22	       24553
1503   	士電         	20130610	   29.22	   29.22	   28.93	   29.18	        9547
1503   	士電         	20130611	   29.01	   29.05	   28.93	   29.01	       13044
1503   	士電         	20130613	   28.93	   28.97	   28.77	   28.93	        7103
1503   	士電         	20130614	   28.81	   28.89	   28.69	   28.69	        6118
1503   	士電         	20130617	   29.22	   29.22	   28.85	   28.85	        5347
1503   	士電         	20130618	   28.85	   28.97	   28.40	   28.89	       20546
1503   	士電         	20130619	   28.89	   28.89	   28.65	   28.65	        5687
1503   	士電         	20130620	   28.77	   28.85	   28.44	   28.65	       13224
1503   	士電         	20130621	   28.52	   28.85	   28.36	   28.85	       16359
1503   	士電         	20130624	   28.85	   28.89	   28.57	   28.81	        9028
1503   	士電         	20130625	   28.57	   28.73	   28.36	   28.61	       15813
1503   	士電         	20130626	   28.61	   28.85	   28.44	   28.85	        9494
1503   	士電         	20130627	   28.65	   28.85	   28.44	   28.85	       14728
1503   	士電         	20130628	   28.61	   28.81	   28.28	   28.81	       11322
1503   	士電         	20130701	   28.52	   28.65	   28.52	   28.65	        3389
1503   	士電         	20130702	   28.52	   28.65	   28.52	   28.57	        2464
1503   	士電         	20130703	   28.52	   28.52	   28.44	   28.44	        2074
1503   	士電         	20130704	   28.32	   28.69	   28.32	   28.69	        7722
1503   	士電         	20130705	   28.65	   28.65	   28.44	   28.61	        5007
1503   	士電         	20130708	   28.61	   28.61	   28.44	   28.61	        3573
1503   	士電         	20130709	   28.52	   28.69	   28.44	   28.48	       14933
1503   	士電         	20130710	   28.48	   28.61	   28.44	   28.44	       16572
1503   	士電         	20130711	   28.44	   28.77	   28.44	   28.69	       16856
1503   	士電         	20130712	   28.69	   28.85	   28.65	   28.73	       21725
1503   	士電         	20130715	   28.73	   28.94	   28.69	   28.94	       11082
1503   	士電         	20130716	   28.94	   29.19	   28.85	   29.19	       14154
1503   	士電         	20130717	   28.94	   29.23	   28.94	   28.94	       17886
1503   	士電         	20130718	   29.11	   29.19	   29.02	   29.11	        7018
1503   	士電         	20130719	   28.98	   28.98	   28.85	   28.90	        7392
1503   	士電         	20130722	   28.81	   28.94	   28.81	   28.90	        6935
1503   	士電         	20130723	   28.90	   29.02	   28.90	   28.94	       12234
1503   	士電         	20130724	   29.19	   29.19	   29.06	   29.15	        5844
1503   	士電         	20130725	   28.98	   29.27	   28.98	   29.27	        7187
1503   	士電         	20130726	   29.15	   29.44	   29.15	   29.27	        7188
1503   	士電         	20130729	   28.98	   29.48	   28.98	   29.36	        8202
1503   	士電         	20130730	   29.36	   29.48	   29.36	   29.44	        2873
1503   	士電         	20130731	   29.36	   29.57	   29.36	   29.52	        3903
1503   	士電         	20130801	   29.52	   29.57	   29.36	   29.57	        4305
1503   	士電         	20130802	   29.57	   29.57	   29.44	   29.57	        4190
1503   	士電         	20130805	   29.44	   29.61	   29.44	   29.61	        4929
1503   	士電         	20130806	   29.57	   29.57	   29.15	   29.36	        3054
1503   	士電         	20130807	   29.36	   29.44	   29.11	   29.44	        6182
1503   	士電         	20130808	   29.44	   29.44	   29.27	   29.44	        2303
1503   	士電         	20130809	   29.15	   29.27	   29.11	   29.11	        1877
1503   	士電         	20130812	   29.27	   29.40	   29.19	   29.40	        6849
1503   	士電         	20130813	   29.44	   29.52	   29.36	   29.52	       10693
1503   	士電         	20130814	   29.27	   29.52	   29.23	   29.52	        1551
1503   	士電         	20130815	   29.27	   29.40	   29.23	   29.40	        2208
1503   	士電         	20130816	   29.40	   29.52	   29.19	   29.52	        2341
1503   	士電         	20130819	   29.61	   29.61	   29.27	   29.52	        2989
1503   	士電         	20130820	   29.44	   29.48	   29.27	   29.40	        3014
1503   	士電         	20130822	   29.52	   29.65	   29.27	   29.61	        8467
1503   	士電         	20130823	   29.61	   29.61	   29.27	   29.44	        2512
1503   	士電         	20130826	   29.44	   29.48	   29.32	   29.48	        8370
1503   	士電         	20130827	   29.48	   29.94	   29.44	   29.94	       10780
1503   	士電         	20130828	   29.94	   30.07	   29.78	   30.07	        7682
1503   	士電         	20130829	   30.07	   30.24	   30.07	   30.20	        7980
1503   	士電         	20130830	   30.11	   30.24	   30.03	   30.20	       11001
1503   	士電         	20130902	   30.28	   30.28	   30.11	   30.20	        6008
1503   	士電         	20130903	   30.20	   30.36	   30.20	   30.24	        8362
1503   	士電         	20130904	   30.24	   30.28	   30.15	   30.28	        6594
1503   	士電         	20130905	   30.36	   30.36	   30.15	   30.15	        8506
1503   	士電         	20130906	   30.24	   30.32	   30.20	   30.24	        5992
1503   	士電         	20130909	   30.24	   30.32	   30.15	   30.32	        8868
1503   	士電         	20130910	   30.28	   30.41	   30.24	   30.41	       12408
1503   	士電         	20130911	   30.41	   30.53	   30.36	   30.53	       11591
1503   	士電         	20130912	   30.53	   30.62	   30.53	   30.62	        9962
1503   	士電         	20130913	   30.53	   30.70	   30.53	   30.70	        8901
1503   	士電         	20130914	   30.87	   30.87	   30.78	   30.87	       10001
1503   	士電         	20130916	   30.82	   30.99	   30.82	   30.99	       12831
1503   	士電         	20130917	   30.95	   31.03	   30.91	   31.03	        9924
1503   	士電         	20130918	   30.95	   31.08	   30.91	   31.08	       14232
1503   	士電         	20130923	   31.08	   31.08	   30.99	   31.03	        7655
1503   	士電         	20130924	   31.03	   31.08	   30.99	   31.08	        6183
1503   	士電         	20130925	   31.03	   31.12	   31.03	   31.12	        6162
1503   	士電         	20130926	   31.08	   31.12	   31.03	   31.08	        3779
1503   	士電         	20130927	   31.08	   31.12	   30.99	   31.12	        5901
1503   	士電         	20130930	   31.03	   31.12	   30.95	   31.12	        5013
1503   	士電         	20131001	   31.03	   31.20	   31.03	   31.16	        4212
1503   	士電         	20131002	   31.16	   31.54	   31.12	   31.54	       12895
1503   	士電         	20131003	   31.50	   31.66	   31.45	   31.66	       10471
1503   	士電         	20131004	   31.58	   31.79	   31.54	   31.66	        8312
1503   	士電         	20131007	   31.62	   32.13	   31.58	   32.08	       23434
1503   	士電         	20131008	   32.08	   32.08	   31.87	   32.08	       10324
1503   	士電         	20131009	   32.00	   32.08	   31.87	   32.04	        8293
1503   	士電         	20131011	   32.08	   32.42	   32.08	   32.38	       21576
1503   	士電         	20131014	   32.33	   32.38	   32.25	   32.38	       13891
1503   	士電         	20131015	   32.33	   32.42	   32.29	   32.38	        6750
1503   	士電         	20131016	   32.29	   32.38	   32.17	   32.38	        9951
1503   	士電         	20131017	   32.38	   32.38	   32.29	   32.38	        4793
1503   	士電         	20131018	   32.33	   32.33	   32.21	   32.33	        7362
1503   	士電         	20131021	   32.25	   32.33	   32.17	   32.25	        4821
1503   	士電         	20131022	   32.21	   32.21	   31.87	   31.92	        9881
1503   	士電         	20131023	   31.87	   31.92	   31.58	   31.62	        7021
1503   	士電         	20131024	   31.62	   31.75	   31.50	   31.75	        2786
1503   	士電         	20131025	   31.75	   31.87	   31.45	   31.83	        3942
1503   	士電         	20131028	   31.71	   31.87	   31.71	   31.87	        2069
1503   	士電         	20131029	   31.87	   31.92	   31.83	   31.87	        3274
1503   	士電         	20131030	   31.79	   31.83	   31.50	   31.50	        4194
1503   	士電         	20131031	   31.45	   31.45	   30.99	   31.16	        6739
1503   	士電         	20131101	   31.16	   31.29	   31.12	   31.20	        2839
1503   	士電         	20131104	   31.20	   31.33	   30.87	   31.33	        5776
1503   	士電         	20131105	   31.33	   31.33	   30.91	   31.24	        4754
1503   	士電         	20131106	   30.95	   31.37	   30.95	   31.29	        3363
1503   	士電         	20131107	   31.29	   31.41	   31.03	   31.37	        5541
1503   	士電         	20131108	   31.37	   31.71	   31.20	   31.71	        3916
1503   	士電         	20131111	   31.45	   31.79	   31.45	   31.79	        7963
1503   	士電         	20131112	   31.83	   31.96	   31.79	   31.87	       11904
1503   	士電         	20131113	   31.87	   31.87	   31.50	   31.75	        2251
1503   	士電         	20131114	   31.50	   31.83	   31.45	   31.75	        3307
1503   	士電         	20131115	   31.54	   31.75	   31.41	   31.75	        4333
1503   	士電         	20131118	   31.50	   31.62	   31.41	   31.62	        2857
1503   	士電         	20131119	   31.54	   31.75	   31.54	   31.75	        1667
1503   	士電         	20131120	   31.62	   31.79	   31.50	   31.79	        2010
1503   	士電         	20131121	   31.62	   31.79	   31.41	   31.79	        3428
1503   	士電         	20131122	   31.79	   31.79	   31.45	   31.62	        2542
1503   	士電         	20131125	   31.50	   31.62	   31.37	   31.45	        4682
1503   	士電         	20131126	   31.29	   31.66	   31.29	   31.66	        3073
1503   	士電         	20131127	   31.66	   31.66	   31.37	   31.50	        4066
1503   	士電         	20131128	   31.58	   31.71	   31.37	   31.58	        6158
1503   	士電         	20131129	   31.45	   31.62	   31.37	   31.62	        6367
1503   	士電         	20131202	   31.62	   31.62	   31.41	   31.62	        2170
1503   	士電         	20131203	   31.87	   31.87	   31.37	   31.66	        3574
1503   	士電         	20131204	   31.79	   31.79	   31.54	   31.75	        3450
1503   	士電         	20131205	   31.75	   31.75	   31.33	   31.62	        3721
1503   	士電         	20131206	   31.62	   31.62	   31.29	   31.37	        2787
1503   	士電         	20131209	   31.29	   31.62	   31.29	   31.50	        2943
1503   	士電         	20131210	   31.37	   31.54	   31.33	   31.50	        7137
1503   	士電         	20131211	   31.45	   31.71	   31.37	   31.71	       11084
1503   	士電         	20131212	   31.62	   31.66	   31.45	   31.66	        1377
1503   	士電         	20131213	   31.75	   31.79	   31.62	   31.75	        3617
1503   	士電         	20131216	   31.79	   31.83	   31.62	   31.71	        4777
1503   	士電         	20131217	   31.62	   31.71	   31.54	   31.71	        2395
1503   	士電         	20131218	   31.79	   31.83	   31.58	   31.75	        3817
1503   	士電         	20131219	   31.75	   31.79	   31.41	   31.41	        4259
1503   	士電         	20131220	   31.41	   31.75	   31.37	   31.66	        7218
1503   	士電         	20131223	   31.66	   31.71	   31.45	   31.45	        2990
1503   	士電         	20131224	   31.45	   31.62	   31.45	   31.62	        3091
1503   	士電         	20131225	   31.45	   31.66	   31.45	   31.66	        2854
1503   	士電         	20131226	   31.50	   31.75	   31.45	   31.75	        6521
1503   	士電         	20131227	   31.75	   31.83	   31.54	   31.79	        3266
1503   	士電         	20131230	   31.62	   31.87	   31.62	   31.83	        7875
1503   	士電         	20131231	   31.83	   31.87	   31.79	   31.87	        9805
1503   	士電         	20140102	   31.87	   31.96	   31.75	   31.87	        4985
1503   	士電         	20140103	   31.96	   31.96	   31.71	   31.75	        1526
1503   	士電         	20140106	   31.75	   31.79	   31.54	   31.79	        1793
1503   	士電         	20140107	   31.79	   31.87	   31.50	   31.83	        7765
1503   	士電         	20140108	   31.58	   31.83	   31.58	   31.83	        3116
1503   	士電         	20140109	   31.79	   31.83	   31.54	   31.83	        4220
1503   	士電         	20140110	   31.87	   31.87	   31.71	   31.87	       13543
1503   	士電         	20140113	   32.04	   32.04	   31.79	   31.96	       11855
1503   	士電         	20140114	   32.04	   32.04	   31.66	   31.92	        3511
1503   	士電         	20140115	   31.62	   31.96	   31.62	   31.96	        4088
1503   	士電         	20140116	   31.96	   32.04	   31.75	   31.87	        3561
1503   	士電         	20140117	   31.87	   31.96	   31.75	   31.92	        3049
1503   	士電         	20140120	   31.92	   32.00	   31.79	   31.87	        4651
1503   	士電         	20140121	   31.79	   31.87	   31.66	   31.87	        5387
1503   	士電         	20140122	   31.71	   31.79	   31.71	   31.75	        7410
1503   	士電         	20140123	   31.75	   31.83	   31.66	   31.66	        3875
1503   	士電         	20140124	   31.66	   31.87	   31.58	   31.58	        2554
1503   	士電         	20140127	   31.50	   31.71	   31.16	   31.71	        3950
1503   	士電         	20140205	   31.62	   31.62	   31.16	   31.54	        5449
1503   	士電         	20140206	   31.20	   31.75	   31.20	   31.71	        8634
1503   	士電         	20140207	   31.71	   31.71	   31.33	   31.45	        5472
1503   	士電         	20140210	   31.50	   31.66	   31.33	   31.66	        7066
1503   	士電         	20140211	   31.45	   31.71	   31.41	   31.41	        8212
1503   	士電         	20140212	   31.37	   31.66	   31.20	   31.54	        7915
1503   	士電         	20140213	   31.24	   31.45	   31.16	   31.45	        6957
1503   	士電         	20140214	   31.45	   31.58	   31.37	   31.54	        2884
1503   	士電         	20140217	   31.29	   31.58	   31.24	   31.45	        2254
1503   	士電         	20140218	   31.29	   31.54	   31.29	   31.45	        3954
1503   	士電         	20140219	   31.45	   31.54	   31.20	   31.41	        9767
1503   	士電         	20140220	   31.24	   31.33	   31.12	   31.33	        6324
1503   	士電         	20140221	   31.20	   31.37	   31.16	   31.37	        8873
1503   	士電         	20140224	   31.37	   31.41	   31.16	   31.41	        5089
1503   	士電         	20140225	   31.29	   31.37	   31.20	   31.33	        6892
1503   	士電         	20140226	   31.24	   31.33	   31.16	   31.29	        6470
1503   	士電         	20140227	   31.33	   31.33	   31.16	   31.29	       10815
1503   	士電         	20140303	   31.24	   31.37	   31.03	   31.37	       10172
1503   	士電         	20140304	   31.29	   31.33	   31.16	   31.29	        4743
1503   	士電         	20140305	   31.24	   31.41	   31.16	   31.41	        5517
1503   	士電         	20140306	   31.33	   31.45	   31.20	   31.45	        3478
1503   	士電         	20140307	   31.29	   31.50	   31.29	   31.45	        5798
1503   	士電         	20140310	   31.29	   31.50	   31.29	   31.45	        9469
1503   	士電         	20140311	   31.45	   31.54	   31.37	   31.41	        9476
1503   	士電         	20140312	   31.29	   31.45	   31.29	   31.41	        3043
1503   	士電         	20140313	   31.24	   31.50	   31.24	   31.37	        3673
1503   	士電         	20140314	   31.37	   31.45	   31.20	   31.33	        2834
1503   	士電         	20140317	   31.33	   31.45	   31.24	   31.45	        2999
1503   	士電         	20140318	   31.54	   31.54	   31.24	   31.50	        7943
1503   	士電         	20140319	   31.29	   31.45	   31.20	   31.37	        2876
1503   	士電         	20140320	   31.24	   31.37	   30.99	   31.37	       10375
1503   	士電         	20140321	   31.33	   31.37	   30.70	   30.70	       32719
1503   	士電         	20140324	   30.70	   30.99	   30.66	   30.78	        3883
1503   	士電         	20140325	   30.95	   31.16	   30.62	   31.16	        8201
1503   	士電         	20140326	   30.87	   31.29	   30.87	   31.20	       14894
1503   	士電         	20140327	   31.12	   31.33	   31.03	   31.20	        3729
1503   	士電         	20140328	   31.37	   31.37	   31.16	   31.33	        5248
1503   	士電         	20140331	   31.24	   31.29	   31.16	   31.16	        5034
1503   	士電         	20140401	   31.16	   31.24	   31.12	   31.20	        8925
1503   	士電         	20140402	   31.20	   31.33	   30.91	   30.99	       10833
1503   	士電         	20140403	   30.99	   31.16	   30.95	   30.99	        8153
1503   	士電         	20140407	   30.99	   30.99	   30.78	   30.87	       11389
1503   	士電         	20140408	   30.87	   30.91	   30.78	   30.87	       11085
1503   	士電         	20140409	   30.87	   30.95	   30.87	   30.87	        8710
1503   	士電         	20140410	   30.95	   30.95	   30.82	   30.95	       17388
1503   	士電         	20140411	   30.87	   30.99	   30.82	   30.99	       16862
1503   	士電         	20140414	   30.95	   31.03	   30.74	   31.03	        7299
1503   	士電         	20140415	   30.99	   31.24	   30.78	   31.12	       20775
1503   	士電         	20140416	   31.08	   31.08	   30.82	   30.91	        8956
1503   	士電         	20140417	   30.99	   30.99	   30.78	   30.91	        4501
1503   	士電         	20140418	   30.87	   30.95	   30.82	   30.82	        1455
1503   	士電         	20140421	   30.74	   30.99	   30.74	   30.95	        1582
1503   	士電         	20140422	   30.91	   30.91	   30.57	   30.78	       16442
1503   	士電         	20140423	   30.62	   30.87	   30.62	   30.78	        3775
1503   	士電         	20140424	   30.62	   30.70	   30.62	   30.70	        6352
1503   	士電         	20140425	   30.62	   30.78	   29.78	   30.11	       10474
1503   	士電         	20140428	   30.11	   30.11	   29.73	   29.90	       11147
1503   	士電         	20140429	   29.94	   30.74	   29.94	   30.70	       14689
1503   	士電         	20140430	   30.62	   30.95	   30.32	   30.62	       13148
1503   	士電         	20140502	   30.70	   31.03	   30.53	   31.03	        5232
1503   	士電         	20140505	   31.03	   31.03	   30.70	   30.91	        2357
1503   	士電         	20140506	   30.87	   30.99	   30.70	   30.95	        5291
1503   	士電         	20140507	   30.95	   30.95	   30.62	   30.78	        3386
1503   	士電         	20140508	   30.87	   30.87	   30.70	   30.70	        1061
1503   	士電         	20140509	   30.62	   30.91	   30.53	   30.78	        4754
1503   	士電         	20140512	   30.70	   30.78	   30.53	   30.66	        8843
1503   	士電         	20140513	   30.62	   30.78	   30.57	   30.78	        8870
1503   	士電         	20140514	   30.78	   30.99	   30.62	   30.78	        6168
1503   	士電         	20140515	   30.87	   30.87	   30.45	   30.78	       13283
1503   	士電         	20140516	   30.57	   30.74	   30.45	   30.74	        3757
1503   	士電         	20140519	   30.66	   30.66	   30.53	   30.53	        2985
1503   	士電         	20140520	   30.53	   30.78	   30.53	   30.78	        4300
1503   	士電         	20140521	   30.62	   30.70	   30.49	   30.70	        4174
1503   	士電         	20140522	   30.70	   30.74	   30.49	   30.70	        4259
1503   	士電         	20140523	   30.62	   30.74	   30.49	   30.70	        6299
1503   	士電         	20140526	   30.70	   30.70	   30.49	   30.62	        3257
1503   	士電         	20140527	   30.62	   30.62	   30.49	   30.62	        3761
1503   	士電         	20140528	   30.57	   30.57	   30.41	   30.57	        9263
1503   	士電         	20140529	   30.49	   30.62	   30.36	   30.53	        6716
1503   	士電         	20140530	   30.53	   31.03	   30.41	   30.66	       10628
1503   	士電         	20140603	   30.62	   30.78	   30.49	   30.62	        4375
1503   	士電         	20140604	   30.62	   30.62	   30.49	   30.62	        3787
1503   	士電         	20140605	   30.62	   30.87	   30.45	   30.53	        4594
1503   	士電         	20140606	   30.62	   30.62	   30.49	   30.62	        3006
1503   	士電         	20140609	   30.62	   30.62	   30.45	   30.62	        4098
1503   	士電         	20140610	   30.62	   30.70	   30.53	   30.66	        5951
1503   	士電         	20140611	   30.74	   30.99	   30.70	   30.87	       22377
1503   	士電         	20140612	   30.87	   30.91	   30.78	   30.87	        4537
1503   	士電         	20140613	   30.87	   30.91	   30.70	   30.91	        3178
1503   	士電         	20140616	   30.91	   31.03	   30.91	   31.03	       10235
1503   	士電         	20140617	   31.03	   31.03	   30.95	   31.03	        4709
1503   	士電         	20140618	   31.03	   31.16	   30.95	   31.12	       17546
1503   	士電         	20140619	   31.16	   31.45	   31.12	   31.45	       11205
1503   	士電         	20140620	   31.45	   31.45	   31.16	   31.41	        4275
1503   	士電         	20140623	   31.54	   31.54	   31.20	   31.45	        7762
1503   	士電         	20140624	   31.71	   31.71	   31.33	   31.54	        7209
1503   	士電         	20140625	   31.45	   31.54	   31.20	   31.54	        4324
1503   	士電         	20140626	   31.45	   31.54	   31.29	   31.54	        4640
1503   	士電         	20140627	   31.54	   31.62	   31.29	   31.45	        5472
1503   	士電         	20140630	   31.45	   31.71	   31.45	   31.62	        8122
1503   	士電         	20140701	   31.66	   31.66	   31.54	   31.58	        3439
1503   	士電         	20140702	   31.58	   31.66	   31.50	   31.50	        7545
1503   	士電         	20140703	   31.54	   31.58	   31.29	   31.41	        4707
1503   	士電         	20140704	   31.41	   31.54	   31.41	   31.50	        2690
1503   	士電         	20140707	   31.45	   31.66	   31.45	   31.66	        8453
1503   	士電         	20140708	   31.66	   31.71	   31.54	   31.71	        6948
1503   	士電         	20140709	   31.54	   31.71	   31.54	   31.66	        3397
1503   	士電         	20140710	   31.45	   31.96	   31.45	   31.92	       20186
1503   	士電         	20140711	   31.87	   31.96	   31.71	   31.96	       19540
1503   	士電         	20140714	   32.04	   32.38	   32.04	   32.29	       15993
1503   	士電         	20140715	   32.29	   32.33	   31.96	   32.04	       10152
1503   	士電         	20140716	   32.21	   32.21	   32.08	   32.17	        7704
1503   	士電         	20140717	   32.25	   32.29	   32.13	   32.25	        8487
1503   	士電         	20140718	   32.25	   32.29	   32.04	   32.29	        6871
1503   	士電         	20140721	   32.29	   32.63	   32.25	   32.46	       15765
1503   	士電         	20140722	   32.46	   32.63	   32.46	   32.59	       16469
1503   	士電         	20140724	   32.59	   32.71	   32.59	   32.71	       30117
1503   	士電         	20140725	   32.71	   32.88	   32.63	   32.75	       50873
1503   	士電         	20140728	   32.80	   33.58	   32.80	   33.58	       26574
1503   	士電         	20140729	   33.75	   33.93	   33.41	   33.93	       27301
1503   	士電         	20140730	   33.97	   35.36	   33.93	   35.06	       48521
1503   	士電         	20140731	   35.06	   35.06	   34.36	   34.76	       26421
1503   	士電         	20140801	   33.93	   34.97	   33.93	   34.93	       18331
1503   	士電         	20140804	   33.02	   34.93	   33.02	   34.93	       13419
1503   	士電         	20140805	   35.10	   35.15	   34.71	   35.06	       18928
1503   	士電         	20140806	   35.02	   35.06	   34.62	   35.02	       29333
1503   	士電         	20140807	   35.15	   35.49	   34.97	   35.45	       36817
1503   	士電         	20140808	   35.45	   35.54	   35.02	   35.54	       35065
1503   	士電         	20140811	   35.54	   35.76	   35.23	   35.71	       26674
1503   	士電         	20140812	   35.71	   36.28	   35.32	   36.19	       35887
1503   	士電         	20140813	   36.45	   36.45	   36.15	   36.28	       23691
1503   	士電         	20140814	   36.28	   36.36	   35.89	   35.93	       29444
1503   	士電         	20140815	   35.67	   36.10	   35.32	   35.84	       37485
1503   	士電         	20140818	   35.41	   35.84	   35.06	   35.63	       52388
1503   	士電         	20140819	   35.19	   35.76	   35.06	   35.67	       28330
1503   	士電         	20140820	   35.63	   35.97	   35.23	   35.54	       17899
1503   	士電         	20140821	   35.06	   35.71	   35.06	   35.41	       13576
1503   	士電         	20140822	   35.06	   35.67	   35.06	   35.67	       11669
1503   	士電         	20140825	   35.67	   35.76	   35.19	   35.54	        7976
1503   	士電         	20140826	   35.54	   35.80	   35.49	   35.76	       34775
1503   	士電         	20140827	   35.67	   35.84	   35.49	   35.84	       33126
1503   	士電         	20140828	   35.76	   35.89	   35.49	   35.89	       23705
1503   	士電         	20140829	   35.80	   35.84	   35.67	   35.76	       23154
1503   	士電         	20140901	   35.71	   35.76	   35.10	   35.58	        6843
1503   	士電         	20140902	   35.58	   35.93	   35.32	   35.93	        8861
1503   	士電         	20140903	   36.02	   36.06	   35.67	   35.93	        7973
1503   	士電         	20140904	   36.10	   36.10	   35.89	   36.06	       14110
1503   	士電         	20140905	   36.10	   36.10	   35.67	   35.93	        5210
1503   	士電         	20140909	   35.97	   35.97	   35.67	   35.71	        3645
1503   	士電         	20140910	   35.71	   35.84	   35.45	   35.84	        8883
1503   	士電         	20140911	   35.93	   35.93	   35.49	   35.76	       10172
1503   	士電         	20140912	   35.76	   35.80	   35.54	   35.67	        6633
1503   	士電         	20140915	   35.32	   35.71	   35.32	   35.71	        2417
1503   	士電         	20140916	   35.41	   35.67	   35.41	   35.67	        5848
1503   	士電         	20140917	   35.67	   35.84	   35.32	   35.71	       10836
1503   	士電         	20140918	   35.67	   35.71	   35.32	   35.58	        4942
1503   	士電         	20140919	   35.58	   35.67	   35.54	   35.58	        2636
1503   	士電         	20140922	   35.49	   35.58	   35.32	   35.58	        4056
1503   	士電         	20140923	   35.58	   35.58	   35.36	   35.58	        2256
1503   	士電         	20140924	   35.58	   35.76	   35.49	   35.54	        5849
1503   	士電         	20140925	   35.63	   35.63	   35.32	   35.41	        1684
1503   	士電         	20140926	   35.28	   35.49	   35.02	   35.41	        5365
1503   	士電         	20140929	   35.06	   35.32	   35.06	   35.32	        3359
1503   	士電         	20140930	   35.06	   35.93	   35.06	   35.93	       11920
1503   	士電         	20141001	   35.76	   35.93	   35.49	   35.67	        1924
1503   	士電         	20141002	   35.41	   35.67	   35.41	   35.67	        1297
1503   	士電         	20141003	   35.67	   35.67	   35.32	   35.49	        3035
1503   	士電         	20141006	   35.32	   35.49	   35.23	   35.49	        1584
1503   	士電         	20141007	   35.23	   35.49	   35.15	   35.32	        3051
1503   	士電         	20141008	   35.15	   35.19	   34.97	   35.06	        2890
1503   	士電         	20141009	   34.80	   35.41	   34.76	   35.32	       10218
1503   	士電         	20141013	   34.97	   35.23	   34.45	   35.06	       13999
1503   	士電         	20141014	   34.67	   35.36	   34.67	   35.32	       12577
1503   	士電         	20141015	   34.93	   35.32	   34.80	   35.28	       10628
1503   	士電         	20141016	   35.06	   35.06	   34.71	   34.89	       10096
1503   	士電         	20141017	   34.89	   34.97	   34.49	   34.58	       16936
1503   	士電         	20141020	   34.80	   34.80	   34.54	   34.80	        5311
1503   	士電         	20141021	   34.62	   34.62	   34.32	   34.49	       11337
1503   	士電         	20141022	   34.45	   34.80	   34.02	   34.80	        6373
1503   	士電         	20141023	   34.36	   34.80	   34.28	   34.80	        5032
1503   	士電         	20141024	   34.36	   34.45	   33.93	   34.36	        8405
1503   	士電         	20141027	   34.28	   34.32	   33.67	   34.28	        7795
1503   	士電         	20141028	   34.62	   34.93	   33.93	   34.80	        9420
1503   	士電         	20141029	   34.71	   34.93	   34.71	   34.84	        4566
1503   	士電         	20141030	   34.80	   34.80	   34.76	   34.76	         924
1503   	士電         	20141031	   34.54	   34.80	   34.54	   34.54	        4521
1503   	士電         	20141103	   34.54	   34.62	   34.19	   34.54	        7086
1503   	士電         	20141104	   34.28	   34.54	   34.28	   34.54	        2425
1503   	士電         	20141105	   34.36	   34.76	   34.36	   34.76	        1874
1503   	士電         	20141106	   34.45	   34.71	   34.36	   34.49	        4452
1503   	士電         	20141107	   34.45	   34.76	   34.36	   34.76	        4549
1503   	士電         	20141110	   34.49	   34.80	   34.49	   34.76	        5087
1503   	士電         	20141111	   34.49	   34.84	   34.49	   34.84	        7674
1503   	士電         	20141112	   34.84	   34.84	   34.36	   34.71	        4206
1503   	士電         	20141113	   34.45	   34.76	   34.45	   34.76	        1977
1503   	士電         	20141114	   34.49	   34.71	   34.36	   34.67	        3146
1503   	士電         	20141117	   34.67	   34.67	   34.36	   34.54	        4154
1503   	士電         	20141118	   34.41	   34.62	   34.41	   34.58	        1314
1503   	士電         	20141119	   34.41	   34.67	   34.41	   34.67	        2844
1503   	士電         	20141120	   34.67	   34.71	   34.41	   34.71	        3888
1503   	士電         	20141121	   34.54	   34.71	   34.41	   34.54	        4524
1503   	士電         	20141124	   34.67	   34.67	   34.45	   34.62	        3088
1503   	士電         	20141125	   34.80	   34.80	   34.36	   34.36	        8977
1503   	士電         	20141126	   34.36	   34.71	   34.28	   34.71	        4692
1503   	士電         	20141127	   34.80	   34.80	   34.54	   34.62	        3445
1503   	士電         	20141128	   34.62	   34.76	   34.49	   34.71	        3743
1503   	士電         	20141201	   34.32	   34.67	   34.19	   34.67	        3367
1503   	士電         	20141202	   34.80	   34.80	   34.19	   34.49	        6472
1503   	士電         	20141203	   34.41	   34.58	   34.19	   34.49	        3204
1503   	士電         	20141204	   34.62	   34.62	   34.36	   34.62	        3094
1503   	士電         	20141205	   34.28	   34.54	   34.28	   34.54	        3481
1503   	士電         	20141208	   34.49	   34.54	   34.23	   34.36	        2121
1503   	士電         	20141209	   34.54	   34.54	   34.19	   34.54	        3356
1503   	士電         	20141210	   34.28	   34.58	   34.23	   34.58	        7328
1503   	士電         	20141211	   34.54	   34.67	   34.36	   34.36	        6697
1503   	士電         	20141212	   34.67	   34.67	   34.54	   34.67	        1901
1503   	士電         	20141215	   34.45	   34.67	   34.36	   34.62	        2105
1503   	士電         	20141216	   34.62	   34.71	   34.28	   34.71	        6435
1503   	士電         	20141217	   34.54	   34.71	   34.36	   34.45	        5095
1503   	士電         	20141218	   34.62	   34.62	   34.32	   34.36	        3482
1503   	士電         	20141219	   34.54	   34.67	   34.28	   34.67	        6470
1503   	士電         	20141222	   34.41	   34.67	   34.41	   34.67	        2870
1503   	士電         	20141223	   34.45	   34.67	   34.45	   34.67	         794
1503   	士電         	20141224	   34.67	   34.67	   34.36	   34.36	        4030
1503   	士電         	20141225	   34.36	   34.54	   34.36	   34.54	        2302
1503   	士電         	20141226	   34.45	   34.45	   34.19	   34.36	        9524
1503   	士電         	20141227	   34.36	   34.45	   33.93	   33.97	       11128
1503   	士電         	20141229	   33.97	   34.23	   33.97	   34.23	        5207
1503   	士電         	20141230	   34.23	   34.28	   33.93	   34.28	        8097
1503   	士電         	20141231	   34.19	   34.45	   34.06	   34.36	        3515
1503   	士電         	20150105	   34.36	   34.36	   33.67	   34.06	        7165
1503   	士電         	20150106	   33.93	   34.10	   33.93	   34.10	        2755
1503   	士電         	20150107	   33.93	   34.10	   33.93	   34.02	        2069
1503   	士電         	20150108	   34.10	   34.10	   34.02	   34.10	        1569
1503   	士電         	20150109	   34.10	   34.36	   34.02	   34.36	        6689
1503   	士電         	20150112	   34.36	   34.36	   34.15	   34.19	        7882
1503   	士電         	20150113	   33.93	   34.49	   33.93	   34.36	       10586
1503   	士電         	20150114	   34.19	   34.36	   34.19	   34.36	        1509
1503   	士電         	20150115	   34.10	   34.19	   34.02	   34.10	        5258
1503   	士電         	20150116	   34.02	   34.02	   33.93	   34.02	        4590
1503   	士電         	20150119	   34.02	   34.23	   33.97	   34.15	        1259
1503   	士電         	20150120	   34.19	   34.36	   34.10	   34.32	        2426
1503   	士電         	20150121	   34.32	   34.62	   34.19	   34.58	        2716
1503   	士電         	20150122	   34.45	   34.58	   34.28	   34.58	        1803
1503   	士電         	20150123	   34.32	   34.45	   34.23	   34.41	        5669
1503   	士電         	20150126	   34.32	   34.45	   34.32	   34.32	        2416
1503   	士電         	20150127	   34.32	   34.45	   34.28	   34.36	        4631
1503   	士電         	20150128	   34.23	   34.45	   34.23	   34.45	        2058
1503   	士電         	20150129	   34.36	   34.49	   34.32	   34.49	        3413
1503   	士電         	20150130	   34.54	   34.62	   34.36	   34.54	         903
1503   	士電         	20150202	   34.54	   34.62	   34.41	   34.62	        1422
1503   	士電         	20150203	   34.62	   34.71	   34.45	   34.62	        3547
1503   	士電         	20150204	   34.80	   34.80	   34.45	   34.62	        1791
1503   	士電         	20150205	   34.49	   34.71	   34.41	   34.71	        1818
1503   	士電         	20150206	   34.62	   34.67	   34.45	   34.45	         558
1503   	士電         	20150209	   34.41	   34.67	   34.41	   34.67	        5199
1503   	士電         	20150210	   34.67	   34.80	   34.28	   34.76	       10378
1503   	士電         	20150211	   34.76	   34.80	   34.45	   34.76	        6631
1503   	士電         	20150212	   34.76	   34.76	   34.49	   34.76	        1203
1503   	士電         	20150213	   34.76	   34.76	   34.49	   34.76	        1196
1503   	士電         	20150224	   34.80	   34.80	   34.54	   34.80	        1389
1503   	士電         	20150225	   34.80	   34.80	   34.62	   34.76	        1852
1503   	士電         	20150226	   34.76	   34.76	   34.45	   34.71	        4507
1503   	士電         	20150302	   34.62	   34.71	   34.62	   34.67	        2037
1503   	士電         	20150303	   34.67	   34.71	   34.58	   34.58	         863
1503   	士電         	20150304	   34.58	   34.89	   34.58	   34.62	        3161
1503   	士電         	20150305	   34.58	   34.67	   34.58	   34.67	        1155
1503   	士電         	20150306	   34.67	   34.76	   34.67	   34.67	        1197
1503   	士電         	20150309	   34.54	   34.67	   34.49	   34.67	        1816
1503   	士電         	20150310	   34.67	   34.80	   34.62	   34.62	        7682
1503   	士電         	20150311	   34.62	   34.76	   34.45	   34.71	        7017
1503   	士電         	20150312	   34.49	   34.71	   34.49	   34.71	        1049
1503   	士電         	20150313	   34.76	   34.76	   34.58	   34.71	        1406
1503   	士電         	20150316	   34.71	   34.76	   34.49	   34.58	        1532
1503   	士電         	20150317	   34.80	   34.80	   34.49	   34.54	        2043
1503   	士電         	20150318	   34.54	   34.76	   34.54	   34.54	        1338
1503   	士電         	20150319	   34.58	   34.76	   34.54	   34.76	        2685
1503   	士電         	20150320	   34.76	   34.76	   34.54	   34.76	        1141
1503   	士電         	20150323	   34.71	   34.80	   34.54	   34.58	        4454
1503   	士電         	20150324	   34.58	   34.71	   34.54	   34.71	        2631
1503   	士電         	20150325	   34.62	   34.62	   34.54	   34.62	        2705
1503   	士電         	20150326	   34.76	   35.06	   34.58	   34.71	        5448
1503   	士電         	20150327	   34.76	   34.80	   34.71	   34.80	        5556
1503   	士電         	20150330	   34.80	   34.80	   34.62	   34.76	        2554
1503   	士電         	20150331	   34.76	   34.80	   34.58	   34.76	        3752
1503   	士電         	20150401	   34.62	   34.71	   34.49	   34.49	        3792
1503   	士電         	20150402	   34.54	   34.80	   34.49	   34.49	        1979
1503   	士電         	20150407	   34.62	   34.71	   34.54	   34.67	        1199
1503   	士電         	20150408	   34.58	   34.67	   34.49	   34.58	        2625
1503   	士電         	20150409	   34.71	   34.71	   34.54	   34.67	         658
1503   	士電         	20150410	   34.54	   34.97	   34.54	   34.89	        9515
1503   	士電         	20150413	   34.89	   35.06	   34.80	   35.02	        9260
1503   	士電         	20150414	   35.02	   35.02	   34.89	   34.93	        3313
1503   	士電         	20150415	   34.71	   34.97	   34.45	   34.89	        7436
1503   	士電         	20150416	   34.54	   34.84	   34.54	   34.80	        8967
1503   	士電         	20150417	   34.62	   34.89	   34.58	   34.89	        6801
1503   	士電         	20150420	   34.80	   34.89	   34.62	   34.84	        2283
1503   	士電         	20150421	   34.84	   34.84	   34.67	   34.80	        1929
1503   	士電         	20150422	   34.80	   34.80	   34.71	   34.76	        2036
1503   	士電         	20150423	   34.76	   34.97	   34.71	   34.97	        5179
1503   	士電         	20150424	   34.93	   35.15	   34.67	   34.97	       10533
1503   	士電         	20150427	   34.97	   35.54	   34.80	   35.02	        8001
1503   	士電         	20150428	   35.06	   35.45	   34.93	   35.32	        5221
1503   	士電         	20150429	   35.32	   35.58	   35.19	   35.54	       10574
1503   	士電         	20150430	   35.89	   36.36	   35.71	   36.06	       11459
1503   	士電         	20150504	   36.36	   36.36	   36.10	   36.10	        4246
1503   	士電         	20150505	   36.15	   36.23	   35.93	   36.19	        4774
1503   	士電         	20150506	   36.28	   36.28	   35.84	   36.28	        7957
1503   	士電         	20150507	   36.36	   36.36	   35.97	   36.32	        7980
1503   	士電         	20150508	   36.10	   36.36	   36.02	   36.36	        7115
1503   	士電         	20150511	   36.36	   36.36	   35.93	   36.28	       11550
1503   	士電         	20150512	   35.93	   36.36	   35.93	   36.36	        9631
1503   	士電         	20150513	   36.02	   36.19	   35.71	   36.02	        5465
1503   	士電         	20150514	   35.71	   35.76	   35.63	   35.67	        5115
1503   	士電         	20150515	   35.63	   35.67	   35.45	   35.45	        5802
1503   	士電         	20150518	   34.97	   35.45	   34.97	   35.45	        3642
1503   	士電         	20150519	   35.45	   35.45	   35.06	   35.36	        4619
1503   	士電         	20150520	   35.15	   35.41	   35.06	   35.41	        6748
1503   	士電         	20150521	   35.06	   35.23	   35.06	   35.19	        6381
1503   	士電         	20150522	   35.06	   35.19	   35.02	   35.06	        6310
1503   	士電         	20150525	   34.89	   34.89	   34.23	   34.84	       18503
1503   	士電         	20150526	   34.36	   34.67	   34.23	   34.62	       20211
1503   	士電         	20150527	   34.28	   34.36	   34.06	   34.23	       19674
1503   	士電         	20150528	   33.97	   34.23	   33.54	   33.89	       25149
1503   	士電         	20150529	   33.89	   33.93	   32.97	   33.23	      119376
1503   	士電         	20150601	   33.32	   33.54	   33.32	   33.41	       11793
1503   	士電         	20150602	   33.41	   33.45	   33.10	   33.45	       11665
1503   	士電         	20150603	   33.58	   33.62	   33.45	   33.49	        8500
1503   	士電         	20150604	   33.49	   33.58	   33.32	   33.45	       12257
1503   	士電         	20150605	   33.23	   33.49	   33.10	   33.49	        9408
1503   	士電         	20150608	   33.49	   33.58	   33.28	   33.58	        2723
1503   	士電         	20150609	   33.58	   33.67	   33.28	   33.62	        5139
1503   	士電         	20150610	   33.62	   33.62	   33.54	   33.62	        8126
1503   	士電         	20150611	   33.62	   33.62	   33.28	   33.58	       12077
1503   	士電         	20150612	   33.58	   33.62	   33.15	   33.62	       10371
1503   	士電         	20150615	   33.62	   33.62	   33.32	   33.45	        1644
1503   	士電         	20150616	   33.28	   33.45	   33.23	   33.45	        5862
1503   	士電         	20150617	   33.28	   33.41	   32.88	   33.36	       11799
1503   	士電         	20150618	   33.36	   33.45	   32.88	   33.45	        6731
1503   	士電         	20150622	   33.06	   33.45	   33.06	   33.41	        5986
1503   	士電         	20150623	   33.15	   33.41	   33.15	   33.32	        1962
1503   	士電         	20150624	   33.28	   33.41	   33.10	   33.41	        3038
1503   	士電         	20150625	   33.41	   33.41	   33.15	   33.41	        1504
1503   	士電         	20150626	   33.41	   33.41	   33.28	   33.41	        2045
1503   	士電         	20150629	   33.41	   33.41	   33.15	   33.32	        6313
1503   	士電         	20150630	   33.36	   33.41	   33.15	   33.41	        6328
1503   	士電         	20150701	   33.41	   33.62	   33.32	   33.62	        3093
1503   	士電         	20150702	   33.49	   33.71	   33.36	   33.71	        3348
1503   	士電         	20150703	   33.45	   33.67	   33.15	   33.67	       10352
1503   	士電         	20150706	   33.67	   33.67	   33.28	   33.54	        1791
1503   	士電         	20150707	   33.28	   33.58	   33.28	   33.58	        2037
1503   	士電         	20150708	   33.36	   33.54	   33.23	   33.54	        2576
1503   	士電         	20150709	   33.49	   33.49	   33.28	   33.49	        2330
1503   	士電         	20150713	   33.49	   33.80	   33.28	   33.80	        7004
1503   	士電         	20150714	   33.80	   33.89	   33.36	   33.36	       10304
1503   	士電         	20150715	   33.36	   33.62	   33.28	   33.49	        2671
1503   	士電         	20150716	   33.67	   33.67	   33.49	   33.67	         803
1503   	士電         	20150717	   33.67	   33.75	   33.32	   33.58	        3547
1503   	士電         	20150720	   33.58	   33.58	   33.36	   33.49	        1236
1503   	士電         	20150721	   33.36	   33.54	   33.32	   33.36	        3772
1503   	士電         	20150722	   33.49	   33.54	   33.41	   33.49	         888
1503   	士電         	20150723	   33.49	   33.62	   33.41	   33.49	        3919
1503   	士電         	20150724	   33.49	   33.67	   33.45	   33.67	        7476
1503   	士電         	20150727	   33.49	   33.94	   33.49	   33.53	        7884
1503   	士電         	20150728	   33.85	   34.17	   33.53	   33.53	        4103
1503   	士電         	20150729	   33.53	   33.76	   33.40	   33.76	        3850
1503   	士電         	20150730	   33.58	   33.89	   33.49	   33.89	        2843
1503   	士電         	20150731	   33.58	   34.07	   33.58	   33.98	        2975
1503   	士電         	20150803	   33.71	   33.98	   33.53	   33.89	        4414
1503   	士電         	20150804	   33.89	   33.89	   33.58	   33.85	        1837
1503   	士電         	20150805	   33.67	   34.35	   33.67	   34.35	        2377
1503   	士電         	20150806	   34.35	   34.57	   33.85	   33.85	        1673
1503   	士電         	20150807	   33.85	   34.12	   33.76	   34.03	        1235
1503   	士電         	20150810	   33.76	   34.75	   33.44	   34.75	        6681
1503   	士電         	20150811	   34.66	   34.80	   34.07	   34.53	       11032
1503   	士電         	20150812	   34.53	   34.80	   34.53	   34.75	        5647
1503   	士電         	20150813	   34.75	   35.07	   34.75	   34.98	        5972
1503   	士電         	20150814	   34.93	   35.12	   34.89	   35.07	        5000
1503   	士電         	20150817	   34.98	   35.12	   34.62	   34.84	        5715
1503   	士電         	20150818	   34.71	   35.03	   34.71	   34.84	        6754
1503   	士電         	20150819	   34.84	   34.93	   34.21	   34.75	       10240
1503   	士電         	20150820	   34.26	   34.80	   34.26	   34.80	        6852
1503   	士電         	20150821	   34.75	   34.75	   34.39	   34.57	        8045
1503   	士電         	20150824	   33.67	   34.53	   33.67	   33.94	       17253
1503   	士電         	20150825	   33.58	   34.17	   33.58	   34.12	        7833
1503   	士電         	20150826	   34.12	   34.30	   34.03	   34.03	        5396
1503   	士電         	20150827	   33.85	   34.48	   33.85	   34.35	       10393
1503   	士電         	20150828	   34.35	   35.03	   34.26	   35.03	       12917
1503   	士電         	20150831	   34.98	   35.16	   34.84	   35.16	        7824
1503   	士電         	20150901	   35.12	   35.30	   34.93	   35.25	        5710
1503   	士電         	20150902	   35.12	   35.61	   34.98	   35.39	        7527
1503   	士電         	20150903	   35.21	   36.47	   35.21	   36.25	       11167
1503   	士電         	20150904	   36.25	   36.43	   35.98	   36.25	        7073
1503   	士電         	20150907	   36.20	   36.38	   36.02	   36.25	        5527
1503   	士電         	20150908	   36.25	   36.29	   35.84	   36.20	        6603
1503   	士電         	20150909	   36.16	   36.47	   36.16	   36.38	        6716
1503   	士電         	20150910	   36.38	   36.56	   36.02	   36.47	       14650
1503   	士電         	20150911	   36.47	   36.56	   36.11	   36.47	       12421
1503   	士電         	20150914	   36.47	   36.52	   36.29	   36.38	        5590
1503   	士電         	20150915	   36.38	   36.47	   36.25	   36.29	        5393
1503   	士電         	20150916	   36.38	   36.38	   35.93	   36.02	        9977
1503   	士電         	20150917	   36.02	   36.29	   36.02	   36.20	        7287
1503   	士電         	20150918	   36.20	   36.29	   36.02	   36.11	        7400
1503   	士電         	20150921	   35.84	   36.20	   35.75	   36.20	        5649
1503   	士電         	20150922	   36.20	   36.20	   36.11	   36.11	         953
1503   	士電         	20150923	   35.79	   36.02	   35.66	   36.02	        1364
1503   	士電         	20150924	   35.93	   36.02	   35.84	   36.02	        2033
1503   	士電         	20150925	   36.02	   36.20	   35.93	   36.20	        1047
1503   	士電         	20150930	   36.20	   36.20	   36.02	   36.20	        2462
1503   	士電         	20151001	   36.20	   36.20	   36.02	   36.20	         968
1503   	士電         	20151002	   36.20	   36.20	   36.11	   36.20	         711
1503   	士電         	20151005	   36.20	   36.20	   36.02	   36.20	        1108
1503   	士電         	20151006	   35.79	   36.29	   35.79	   36.20	        2585
1503   	士電         	20151007	   35.84	   36.20	   35.84	   36.20	        1444
1503   	士電         	20151008	   35.88	   36.20	   35.88	   36.11	        1306
1503   	士電         	20151012	   35.88	   36.43	   35.88	   36.29	        8714
1503   	士電         	20151013	   36.34	   36.65	   36.34	   36.61	        9628
1503   	士電         	20151014	   36.61	   36.61	   36.43	   36.47	         888
1503   	士電         	20151015	   36.56	   36.56	   36.38	   36.47	         963
1503   	士電         	20151016	   36.38	   36.38	   36.16	   36.16	        1321
1503   	士電         	20151019	   35.98	   36.20	   35.98	   36.20	        1367
1503   	士電         	20151020	   36.20	   36.20	   36.02	   36.07	         467
1503   	士電         	20151021	   35.98	   36.20	   35.98	   36.11	         558
1503   	士電         	20151022	   36.07	   36.20	   36.07	   36.11	         736
1503   	士電         	20151023	   36.11	   36.20	   36.11	   36.20	         492
1503   	士電         	20151026	   36.20	   36.20	   36.02	   36.20	        2062
1503   	士電         	20151027	   36.07	   36.20	   36.02	   36.20	         598
1503   	士電         	20151028	   36.29	   36.34	   36.11	   36.20	         725
1503   	士電         	20151029	   36.07	   36.11	   35.93	   36.11	        1837
1503   	士電         	20151030	   35.98	   36.11	   35.93	   36.11	        1627
1503   	士電         	20151102	   36.11	   36.16	   36.02	   36.11	         498
1503   	士電         	20151103	   36.11	   36.20	   36.07	   36.16	        2553
1503   	士電         	20151104	   36.16	   36.56	   36.02	   36.47	        5356
1503   	士電         	20151105	   36.47	   36.47	   36.25	   36.47	        1700
1503   	士電         	20151106	   36.20	   36.43	   36.16	   36.38	        2061
1503   	士電         	20151109	   36.20	   36.34	   36.20	   36.34	         972
1503   	士電         	20151110	   35.98	   36.52	   35.98	   36.34	        8013
1503   	士電         	20151111	   36.29	   36.38	   36.20	   36.38	        7812
1503   	士電         	20151112	   36.20	   36.20	   36.16	   36.16	         839
1503   	士電         	20151113	   36.20	   36.29	   36.02	   36.20	        1351
1503   	士電         	20151116	   36.20	   36.20	   35.93	   36.20	        1915
1503   	士電         	20151117	   36.29	   36.29	   36.20	   36.29	         880
1503   	士電         	20151118	   36.20	   36.20	   35.98	   36.07	        1582
1503   	士電         	20151119	   36.02	   36.20	   34.71	   36.20	        4942
1503   	士電         	20151120	   35.93	   36.20	   35.93	   36.20	         942
1503   	士電         	20151123	   36.20	   36.20	   36.02	   36.20	        2994
1503   	士電         	20151124	   36.11	   36.20	   36.02	   36.20	         881
1503   	士電         	20151125	   35.93	   36.20	   35.88	   36.16	        2190
1503   	士電         	20151126	   35.88	   36.20	   35.75	   36.11	        2970
1503   	士電         	20151127	   36.11	   36.11	   35.88	   36.11	        2625
1503   	士電         	20151130	   36.02	   36.02	   35.70	   35.84	        3301
1503   	士電         	20151201	   35.43	   35.98	   35.43	   35.93	        3134
1503   	士電         	20151202	   35.61	   35.93	   35.61	   35.93	        2699
1503   	士電         	20151203	   35.93	   35.98	   35.66	   35.93	        1913
1503   	士電         	20151204	   35.66	   35.93	   35.61	   35.88	        2585
1503   	士電         	20151207	   35.70	   35.93	   35.66	   35.93	        2719
1503   	士電         	20151208	   35.93	   35.93	   35.57	   35.88	        2210
1503   	士電         	20151209	   35.61	   36.02	   35.57	   36.02	        3018
1503   	士電         	20151210	   35.70	   35.93	   35.30	   35.84	        9429
1503   	士電         	20151211	   35.57	   36.11	   35.57	   35.93	        7438
1503   	士電         	20151214	   35.66	   35.88	   35.34	   35.84	        5204
1503   	士電         	20151215	   35.52	   35.84	   35.07	   35.75	        4842
1503   	士電         	20151216	   35.52	   35.75	   35.48	   35.75	        1230
1503   	士電         	20151217	   35.93	   35.93	   35.57	   35.84	        1328
1503   	士電         	20151218	   35.84	   35.84	   35.84	   35.84	         662
1503   	士電         	20151221	   35.79	   35.79	   35.75	   35.75	         162
1503   	士電         	20151222	   35.75	   35.84	   35.61	   35.84	         676
1503   	士電         	20151223	   35.48	   35.84	   35.48	   35.79	        2711
1503   	士電         	20151224	   35.61	   35.88	   35.61	   35.88	        1332
1503   	士電         	20151225	   35.88	   35.88	   35.70	   35.88	        1338
1503   	士電         	20151228	   35.66	   35.79	   35.66	   35.75	        3269
1503   	士電         	20151229	   35.61	   35.88	   35.61	   35.84	        2181
1503   	士電         	20151230	   35.61	   35.93	   35.57	   35.93	        3992
