證券代碼	簡稱	年月日	開盤價(元)	最高價(元)	最低價(元)	收盤價(元)	成交值(千元)
4938   	和碩         	20110103	   29.32	   29.42	   29.21	   29.28	       89508
4938   	和碩         	20110104	   29.42	   29.56	   29.28	   29.42	      107340
4938   	和碩         	20110105	   29.42	   29.42	   28.16	   28.72	      193077
4938   	和碩         	20110106	   28.93	   29.00	   28.02	   28.20	      259533
4938   	和碩         	20110107	   28.02	   28.16	   27.22	   27.32	      330576
4938   	和碩         	20110110	   27.60	   27.99	   26.76	   27.11	      292461
4938   	和碩         	20110111	   27.22	   27.95	   27.08	   27.81	      207006
4938   	和碩         	20110112	   27.99	   28.09	   27.46	   27.50	      182466
4938   	和碩         	20110113	   27.99	   28.16	   27.67	   28.02	      340223
4938   	和碩         	20110114	   28.30	   28.34	   27.81	   27.81	      123286
4938   	和碩         	20110117	   28.30	   28.30	   27.67	   27.71	      107668
4938   	和碩         	20110118	   27.60	   27.92	   27.53	   27.92	       80677
4938   	和碩         	20110119	   27.92	   27.95	   27.39	   27.46	      256032
4938   	和碩         	20110120	   27.39	   27.39	   26.90	   27.04	      275847
4938   	和碩         	20110121	   26.90	   26.94	   26.66	   26.66	      311093
4938   	和碩         	20110124	   28.51	   28.51	   27.81	   27.99	      403938
4938   	和碩         	20110125	   27.99	   28.34	   27.46	   27.67	      267512
4938   	和碩         	20110126	   27.67	   27.99	   27.43	   27.71	      123082
4938   	和碩         	20110127	   28.23	   28.23	   27.81	   27.95	      164568
4938   	和碩         	20110128	   28.02	   28.23	   28.02	   28.09	      202750
4938   	和碩         	20110208	   28.09	   28.20	   27.46	   27.46	      245408
4938   	和碩         	20110209	   27.46	   27.92	   27.46	   27.60	      284252
4938   	和碩         	20110210	   27.11	   27.39	   26.34	   26.34	      439702
4938   	和碩         	20110211	   26.34	   26.76	   26.13	   26.13	      230839
4938   	和碩         	20110214	   26.27	   26.97	   26.13	   26.90	      200016
4938   	和碩         	20110215	   26.90	   26.97	   26.34	   26.41	      302326
4938   	和碩         	20110216	   26.69	   27.11	   26.69	   26.87	      295439
4938   	和碩         	20110217	   26.87	   26.90	   26.31	   26.34	      338297
4938   	和碩         	20110218	   26.69	   26.76	   26.41	   26.55	      271796
4938   	和碩         	20110221	   26.27	   26.41	   25.68	   25.68	      377417
4938   	和碩         	20110222	   25.36	   25.36	   23.89	   24.06	      849686
4938   	和碩         	20110223	   23.96	   24.31	   23.50	   23.61	      391402
4938   	和碩         	20110224	   23.61	   24.20	   23.61	   23.89	      329926
4938   	和碩         	20110225	   24.17	   24.87	   24.03	   24.52	      317300
4938   	和碩         	20110301	   24.66	   25.22	   24.20	   25.01	      396512
4938   	和碩         	20110302	   24.38	   24.52	   23.78	   23.82	      639255
4938   	和碩         	20110303	   23.82	   24.55	   23.36	   24.03	      612896
4938   	和碩         	20110304	   24.17	   25.36	   24.17	   25.12	      739831
4938   	和碩         	20110307	   25.08	   25.08	   24.59	   24.66	      200093
4938   	和碩         	20110308	   24.66	   25.08	   24.62	   24.73	      183170
4938   	和碩         	20110309	   25.08	   25.08	   24.38	   24.62	      170612
4938   	和碩         	20110310	   24.38	   24.38	   23.50	   23.82	      305129
4938   	和碩         	20110311	   23.47	   23.71	   23.40	   23.43	      293137
4938   	和碩         	20110314	   23.12	   23.12	   22.42	   22.56	      369047
4938   	和碩         	20110315	   22.80	   23.01	   21.37	   22.49	      379581
4938   	和碩         	20110316	   22.49	   22.98	   21.61	   21.79	      327034
4938   	和碩         	20110317	   21.37	   22.38	   21.33	   22.31	      134716
4938   	和碩         	20110318	   22.35	   22.98	   22.17	   22.98	      213548
4938   	和碩         	20110321	   22.98	   22.98	   22.56	   22.59	      120035
4938   	和碩         	20110322	   23.05	   23.05	   22.70	   22.80	      130667
4938   	和碩         	20110323	   23.08	   23.33	   22.84	   23.22	      109367
4938   	和碩         	20110324	   23.61	   24.34	   23.36	   24.03	      289613
4938   	和碩         	20110325	   24.38	   24.38	   23.68	   23.68	      144342
4938   	和碩         	20110328	   23.12	   23.12	   22.56	   22.73	      156524
4938   	和碩         	20110329	   22.42	   22.59	   22.24	   22.42	      192926
4938   	和碩         	20110330	   22.73	   22.98	   22.56	   22.80	      238601
4938   	和碩         	20110331	   23.01	   23.36	   22.84	   23.36	      155270
4938   	和碩         	20110401	   23.47	   23.47	   22.87	   23.15	      127471
4938   	和碩         	20110406	   23.47	   23.82	   23.43	   23.82	      385243
4938   	和碩         	20110407	   23.82	   23.96	   23.57	   23.82	      157885
4938   	和碩         	20110408	   23.96	   24.17	   23.89	   23.96	      187522
4938   	和碩         	20110411	   24.10	   24.17	   23.96	   24.13	      138045
4938   	和碩         	20110412	   24.10	   24.10	   23.61	   23.78	      126427
4938   	和碩         	20110413	   23.78	   24.17	   23.71	   24.10	      100272
4938   	和碩         	20110414	   24.17	   24.48	   24.06	   24.20	      133674
4938   	和碩         	20110415	   24.38	   24.38	   23.61	   23.78	       91170
4938   	和碩         	20110418	   23.78	   23.82	   23.61	   23.61	       58219
4938   	和碩         	20110419	   23.47	   23.54	   23.15	   23.40	       64947
4938   	和碩         	20110420	   23.78	   23.99	   23.57	   23.99	       85694
4938   	和碩         	20110421	   24.17	   24.48	   23.99	   24.27	      119559
4938   	和碩         	20110422	   24.27	   24.38	   23.99	   24.06	       61453
4938   	和碩         	20110425	   24.10	   24.24	   23.61	   23.61	       76937
4938   	和碩         	20110426	   23.61	   23.68	   22.84	   23.12	      271114
4938   	和碩         	20110427	   23.15	   23.33	   22.42	   22.59	      391076
4938   	和碩         	20110428	   22.42	   22.42	   21.61	   21.72	      414853
4938   	和碩         	20110429	   21.44	   21.58	   20.88	   21.16	      463892
4938   	和碩         	20110503	   21.02	   21.09	   20.39	   20.74	      335717
4938   	和碩         	20110504	   20.67	   21.23	   20.42	   21.23	      254532
4938   	和碩         	20110505	   21.23	   21.30	   20.88	   21.19	      217844
4938   	和碩         	20110506	   21.19	   21.19	   20.95	   21.19	      110346
4938   	和碩         	20110509	   21.30	   21.61	   21.19	   21.47	       94991
4938   	和碩         	20110510	   21.47	   21.54	   21.26	   21.33	       68958
4938   	和碩         	20110511	   21.47	   21.54	   21.30	   21.54	       72780
4938   	和碩         	20110512	   21.37	   21.44	   21.19	   21.33	       71428
4938   	和碩         	20110513	   21.44	   21.65	   21.33	   21.58	       76961
4938   	和碩         	20110516	   21.65	   21.93	   21.44	   21.93	      112980
4938   	和碩         	20110517	   21.93	   22.14	   21.79	   21.86	      136688
4938   	和碩         	20110518	   22.07	   22.07	   21.65	   21.96	      179124
4938   	和碩         	20110519	   21.86	   21.96	   21.09	   21.37	      222422
4938   	和碩         	20110520	   21.37	   21.37	   20.81	   20.98	      249521
4938   	和碩         	20110523	   20.88	   20.98	   20.53	   20.63	      150010
4938   	和碩         	20110524	   20.56	   21.33	   20.53	   21.02	      140896
4938   	和碩         	20110525	   20.81	   20.88	   20.53	   20.74	      122225
4938   	和碩         	20110526	   20.95	   21.93	   20.84	   21.93	      193828
4938   	和碩         	20110527	   22.00	   22.00	   21.61	   21.79	      125149
4938   	和碩         	20110530	   21.72	   21.86	   21.47	   21.47	       58473
4938   	和碩         	20110531	   21.51	   21.93	   21.37	   21.61	      476977
4938   	和碩         	20110601	   21.61	   22.14	   21.61	   21.79	      177508
4938   	和碩         	20110602	   21.72	   22.14	   21.61	   22.03	      187674
4938   	和碩         	20110603	   22.24	   22.73	   22.10	   22.28	      175413
4938   	和碩         	20110607	   22.28	   22.49	   21.72	   21.86	      103030
4938   	和碩         	20110608	   22.03	   22.07	   21.79	   22.00	       90632
4938   	和碩         	20110609	   22.03	   22.42	   22.03	   22.21	       93836
4938   	和碩         	20110610	   22.56	   22.63	   21.72	   21.72	       68903
4938   	和碩         	20110613	   21.51	   21.79	   21.12	   21.26	      113721
4938   	和碩         	20110614	   21.23	   21.72	   21.23	   21.26	      154166
4938   	和碩         	20110615	   21.58	   22.14	   21.16	   22.00	      208732
4938   	和碩         	20110616	   21.65	   21.79	   20.67	   20.70	      216273
4938   	和碩         	20110617	   21.02	   21.19	   20.18	   20.53	      277051
4938   	和碩         	20110620	   20.53	   20.81	   20.53	   20.56	       91348
4938   	和碩         	20110621	   20.81	   21.02	   20.63	   20.84	       56817
4938   	和碩         	20110622	   20.98	   21.30	   20.63	   20.63	      133286
4938   	和碩         	20110623	   20.46	   20.46	   19.69	   19.83	      354144
4938   	和碩         	20110624	   19.83	   20.18	   19.83	   19.90	       84531
4938   	和碩         	20110627	   19.69	   20.07	   19.62	   20.00	       61011
4938   	和碩         	20110628	   20.95	   20.95	   20.39	   20.42	      117050
4938   	和碩         	20110629	   20.74	   20.88	   20.49	   20.53	      143686
4938   	和碩         	20110630	   20.67	   20.84	   20.67	   20.84	       63149
4938   	和碩         	20110701	   20.84	   21.02	   20.74	   21.02	       65315
4938   	和碩         	20110704	   21.02	   21.09	   20.32	   20.39	      104265
4938   	和碩         	20110705	   20.70	   21.12	   20.67	   21.02	      170722
4938   	和碩         	20110706	   21.16	   21.16	   20.81	   20.95	       62363
4938   	和碩         	20110707	   21.44	   22.38	   21.40	   22.38	      277982
4938   	和碩         	20110708	   23.01	   23.89	   23.01	   23.75	      905288
4938   	和碩         	20110711	   24.45	   24.83	   23.89	   24.20	      630658
4938   	和碩         	20110712	   24.17	   24.94	   23.47	   24.52	      699189
4938   	和碩         	20110713	   24.59	   25.19	   23.92	   24.45	      878466
4938   	和碩         	20110714	   24.45	   24.45	   23.01	   23.64	      536359
4938   	和碩         	20110715	   23.85	   24.27	   23.26	   23.82	      409004
4938   	和碩         	20110718	   23.33	   23.61	   23.01	   23.36	      301836
4938   	和碩         	20110719	   23.12	   23.92	   23.08	   23.78	      284812
4938   	和碩         	20110720	   24.17	   24.24	   23.57	   23.75	      377881
4938   	和碩         	20110721	   24.17	   25.22	   24.17	   24.38	      661193
4938   	和碩         	20110722	   24.41	   24.55	   23.96	   24.10	      293384
4938   	和碩         	20110725	   24.38	   24.69	   23.96	   23.96	      174409
4938   	和碩         	20110726	   24.03	   24.38	   23.82	   24.27	      161331
4938   	和碩         	20110727	   24.13	   24.76	   24.10	   24.27	      256985
4938   	和碩         	20110728	   24.06	   24.17	   23.47	   23.47	      191489
4938   	和碩         	20110729	   23.47	   23.75	   23.08	   23.22	      156302
4938   	和碩         	20110801	   23.47	   24.10	   23.47	   23.92	      170352
4938   	和碩         	20110802	   23.99	   24.06	   23.57	   23.57	       77176
4938   	和碩         	20110803	   23.12	   23.26	   22.70	   22.91	      156354
4938   	和碩         	20110804	   22.98	   23.15	   22.80	   22.84	       84576
4938   	和碩         	20110805	   21.26	   21.72	   21.26	   21.26	      133426
4938   	和碩         	20110808	   21.02	   21.02	   19.79	   19.79	      305214
4938   	和碩         	20110809	   18.42	   18.70	   18.42	   18.42	      323142
4938   	和碩         	20110810	   19.69	   19.69	   18.95	   19.69	      328413
4938   	和碩         	20110811	   18.92	   19.62	   18.92	   19.06	      184698
4938   	和碩         	20110812	   19.55	   19.93	   19.30	   19.30	      309422
4938   	和碩         	20110815	   19.55	   20.53	   19.55	   20.53	      209966
4938   	和碩         	20110816	   20.88	   20.88	   20.00	   20.32	      158560
4938   	和碩         	20110817	   20.32	   20.46	   19.41	   19.58	      158765
4938   	和碩         	20110818	   19.58	   19.93	   19.02	   19.13	      181611
4938   	和碩         	20110819	   18.92	   18.92	   18.07	   18.39	      207006
4938   	和碩         	20110822	   17.65	   18.00	   17.30	   17.62	      207067
4938   	和碩         	20110823	   18.00	   18.85	   17.86	   18.67	       80781
4938   	和碩         	20110824	   19.06	   19.06	   18.67	   18.85	      104907
4938   	和碩         	20110825	   19.20	   19.93	   19.09	   19.30	      137044
4938   	和碩         	20110826	   18.70	   19.30	   18.70	   18.99	      167991
4938   	和碩         	20110829	   19.02	   19.83	   19.02	   19.55	       92114
4938   	和碩         	20110830	   19.65	   19.83	   19.48	   19.65	      119953
4938   	和碩         	20110831	   19.48	   19.69	   19.16	   19.69	      132791
4938   	和碩         	20110901	   19.72	   20.56	   19.72	   20.07	      174255
4938   	和碩         	20110902	   20.07	   20.07	   19.65	   19.76	       77255
4938   	和碩         	20110905	   19.62	   19.62	   18.92	   19.09	      111283
4938   	和碩         	20110906	   19.20	   19.20	   18.63	   18.67	       95021
4938   	和碩         	20110907	   18.92	   19.13	   18.92	   19.06	      103809
4938   	和碩         	20110908	   18.92	   20.18	   18.77	   19.83	      203933
4938   	和碩         	20110909	   19.94	   20.20	   19.60	   19.75	      158274
4938   	和碩         	20110913	   19.35	   19.75	   19.35	   19.42	       98747
4938   	和碩         	20110914	   19.42	   19.79	   19.09	   19.42	      126556
4938   	和碩         	20110915	   19.83	   20.75	   19.64	   20.64	      162273
4938   	和碩         	20110916	   21.12	   22.08	   21.12	   22.08	      354350
4938   	和碩         	20110919	   22.41	   22.71	   21.60	   21.60	      365952
4938   	和碩         	20110920	   21.60	   22.11	   21.45	   22.11	      180717
4938   	和碩         	20110921	   22.15	   22.34	   21.86	   22.04	      204807
4938   	和碩         	20110922	   21.71	   21.71	   21.01	   21.01	      141956
4938   	和碩         	20110923	   20.31	   20.31	   19.94	   19.94	      134779
4938   	和碩         	20110926	   19.94	   20.49	   19.57	   19.60	      134667
4938   	和碩         	20110927	   20.53	   20.82	   20.05	   20.12	      200610
4938   	和碩         	20110928	   20.64	   21.12	   20.45	   21.12	      213233
4938   	和碩         	20110929	   21.01	   21.38	   20.75	   20.79	      128305
4938   	和碩         	20110930	   20.82	   21.15	   20.56	   21.12	      142117
4938   	和碩         	20111003	   20.49	   20.49	   19.94	   20.12	       95004
4938   	和碩         	20111004	   19.94	   21.15	   19.86	   20.93	      151764
4938   	和碩         	20111005	   20.75	   20.82	   20.16	   20.16	      102773
4938   	和碩         	20111006	   20.67	   21.12	   20.42	   20.97	      187314
4938   	和碩         	20111007	   21.27	   21.49	   21.15	   21.30	      119520
4938   	和碩         	20111011	   22.04	   22.08	   21.45	   21.45	      169970
4938   	和碩         	20111012	   22.89	   22.93	   22.63	   22.93	      531936
4938   	和碩         	20111013	   23.63	   23.67	   23.04	   23.55	      411220
4938   	和碩         	20111014	   23.22	   24.00	   23.15	   23.67	      228008
4938   	和碩         	20111017	   23.92	   24.00	   23.26	   23.52	      144142
4938   	和碩         	20111018	   22.89	   23.37	   22.89	   23.19	       95594
4938   	和碩         	20111019	   22.89	   23.55	   22.89	   23.26	      124352
4938   	和碩         	20111020	   23.00	   23.22	   22.89	   22.89	       95254
4938   	和碩         	20111021	   22.00	   22.74	   22.00	   22.45	       98709
4938   	和碩         	20111024	   22.63	   23.52	   22.63	   23.52	      128786
4938   	和碩         	20111025	   23.63	   24.51	   23.55	   24.40	      380056
4938   	和碩         	20111026	   24.29	   24.85	   24.15	   24.66	      248558
4938   	和碩         	20111027	   24.66	   24.85	   24.44	   24.59	      194543
4938   	和碩         	20111028	   25.03	   25.62	   24.92	   25.03	      354481
4938   	和碩         	20111031	   24.74	   25.03	   24.00	   24.22	      142838
4938   	和碩         	20111101	   23.70	   23.96	   23.48	   23.52	      195024
4938   	和碩         	20111102	   23.26	   24.96	   22.71	   24.81	      238480
4938   	和碩         	20111103	   24.88	   24.88	   23.92	   24.44	      202805
4938   	和碩         	20111104	   24.74	   25.03	   24.51	   24.70	      167507
4938   	和碩         	20111107	   24.37	   24.59	   24.22	   24.22	       79376
4938   	和碩         	20111108	   24.29	   25.03	   23.48	   23.59	      202081
4938   	和碩         	20111109	   23.70	   24.37	   23.67	   23.67	       96223
4938   	和碩         	20111110	   23.19	   23.59	   22.19	   22.23	      249223
4938   	和碩         	20111111	   22.52	   23.78	   22.37	   23.19	      215535
4938   	和碩         	20111114	   23.55	   23.74	   22.93	   23.26	      161582
4938   	和碩         	20111115	   23.26	   23.74	   23.22	   23.30	       88579
4938   	和碩         	20111116	   24.00	   24.00	   23.26	   23.26	      122211
4938   	和碩         	20111117	   22.89	   23.30	   22.74	   23.19	       86232
4938   	和碩         	20111118	   22.74	   23.19	   22.59	   22.85	       80231
4938   	和碩         	20111121	   22.48	   22.67	   21.30	   21.93	      199986
4938   	和碩         	20111122	   21.82	   22.67	   21.56	   22.19	      136167
4938   	和碩         	20111123	   22.15	   22.15	   20.64	   20.64	      144648
4938   	和碩         	20111124	   20.38	   20.90	   19.97	   20.05	      119394
4938   	和碩         	20111125	   20.05	   20.90	   19.86	   20.08	      130744
4938   	和碩         	20111128	   20.67	   21.49	   20.60	   21.49	      169424
4938   	和碩         	20111129	   22.15	   22.15	   21.41	   21.45	      293853
4938   	和碩         	20111130	   22.00	   22.93	   21.71	   22.93	      374437
4938   	和碩         	20111201	   24.37	   24.51	   23.85	   24.37	      335691
4938   	和碩         	20111202	   23.63	   23.78	   23.04	   23.33	      213128
4938   	和碩         	20111205	   23.33	   23.63	   23.00	   23.00	      123144
4938   	和碩         	20111206	   22.96	   22.96	   22.45	   22.78	      113654
4938   	和碩         	20111207	   22.78	   23.70	   22.78	   23.63	      161834
4938   	和碩         	20111208	   23.26	   24.18	   23.26	   24.18	      169525
4938   	和碩         	20111209	   23.67	   24.37	   23.55	   24.26	      243866
4938   	和碩         	20111212	   24.37	   25.11	   24.15	   24.44	      302465
4938   	和碩         	20111213	   24.15	   24.37	   23.74	   23.78	      212371
4938   	和碩         	20111214	   23.92	   23.92	   23.48	   23.70	      102304
4938   	和碩         	20111215	   23.78	   24.15	   23.70	   23.89	      172089
4938   	和碩         	20111216	   23.96	   24.00	   23.48	   23.74	      124559
4938   	和碩         	20111219	   22.15	   23.33	   22.15	   23.33	      170290
4938   	和碩         	20111220	   23.26	   23.41	   22.67	   23.11	       98458
4938   	和碩         	20111221	   24.00	   24.51	   23.59	   24.29	      161464
4938   	和碩         	20111222	   24.29	   24.44	   23.63	   24.44	       84195
4938   	和碩         	20111223	   24.88	   24.96	   24.18	   24.18	      153020
4938   	和碩         	20111226	   24.44	   24.81	   23.92	   24.03	      120729
4938   	和碩         	20111227	   24.07	   24.37	   23.85	   24.33	       78425
4938   	和碩         	20111228	   24.48	   24.48	   24.00	   24.37	       65063
4938   	和碩         	20111229	   24.00	   24.55	   24.00	   24.33	       75203
4938   	和碩         	20111230	   24.44	   24.70	   24.15	   24.33	       57794
4938   	和碩         	20120102	   24.11	   24.40	   23.92	   23.92	       36351
4938   	和碩         	20120103	   24.15	   24.59	   24.07	   24.59	       92529
4938   	和碩         	20120104	   25.18	   26.29	   25.11	   26.29	      706122
4938   	和碩         	20120105	   26.51	   27.10	   26.10	   26.62	      849487
4938   	和碩         	20120106	   26.66	   27.06	   26.58	   26.95	      544502
4938   	和碩         	20120109	   27.14	   27.14	   26.62	   26.91	      245595
4938   	和碩         	20120110	   26.99	   27.25	   26.58	   26.77	      309185
4938   	和碩         	20120111	   26.88	   26.91	   26.47	   26.77	      249097
4938   	和碩         	20120112	   26.77	   26.77	   25.92	   26.03	      238976
4938   	和碩         	20120113	   26.51	   26.62	   25.66	   26.21	      328857
4938   	和碩         	20120116	   26.21	   26.21	   25.11	   25.84	      237484
4938   	和碩         	20120117	   25.70	   26.40	   25.55	   25.84	      195896
4938   	和碩         	20120118	   25.77	   26.29	   25.77	   26.25	      189869
4938   	和碩         	20120130	   26.88	   27.76	   26.73	   27.76	      489236
4938   	和碩         	20120131	   26.77	   27.10	   25.99	   26.43	      803805
4938   	和碩         	20120201	   26.43	   26.80	   26.21	   26.58	      566398
4938   	和碩         	20120202	   26.73	   27.14	   26.55	   26.80	      548664
4938   	和碩         	20120203	   26.99	   27.32	   26.80	   26.95	      498370
4938   	和碩         	20120204	   27.10	   27.47	   27.10	   27.10	      344033
4938   	和碩         	20120206	   27.36	   28.35	   27.03	   27.03	      686677
4938   	和碩         	20120207	   27.14	   27.99	   27.14	   27.80	      376483
4938   	和碩         	20120208	   26.95	   28.10	   26.95	   28.06	      388650
4938   	和碩         	20120209	   28.06	   28.76	   27.65	   28.69	      528207
4938   	和碩         	20120210	   28.94	   29.76	   27.95	   27.99	      828878
4938   	和碩         	20120213	   27.91	   28.02	   27.17	   27.69	      218963
4938   	和碩         	20120214	   27.91	   27.91	   27.25	   27.32	      173790
4938   	和碩         	20120215	   27.39	   29.02	   27.39	   28.24	      472479
4938   	和碩         	20120216	   27.91	   28.21	   27.54	   27.65	      203631
4938   	和碩         	20120217	   28.06	   28.69	   27.91	   28.17	      307897
4938   	和碩         	20120220	   28.13	   28.35	   27.47	   27.51	      196963
4938   	和碩         	20120221	   27.51	   27.99	   26.88	   27.14	      203439
4938   	和碩         	20120222	   27.17	   27.47	   26.95	   27.14	      276529
4938   	和碩         	20120223	   27.32	   27.62	   27.03	   27.03	      153731
4938   	和碩         	20120224	   27.54	   27.62	   27.21	   27.62	      164055
4938   	和碩         	20120229	   28.28	   29.54	   28.24	   29.54	      789882
4938   	和碩         	20120301	   29.54	   29.68	   29.24	   29.42	      429160
4938   	和碩         	20120302	   29.42	   30.27	   29.31	   30.13	      958090
4938   	和碩         	20120303	   30.02	   30.05	   29.46	   29.50	      181241
4938   	和碩         	20120305	   29.50	   29.50	   28.69	   28.94	      188929
4938   	和碩         	20120306	   28.39	   28.80	   28.10	   28.61	      215016
4938   	和碩         	20120307	   27.69	   28.69	   27.69	   28.50	      317855
4938   	和碩         	20120308	   28.83	   29.98	   28.43	   29.65	      589568
4938   	和碩         	20120309	   29.87	   30.53	   29.35	   29.35	      547581
4938   	和碩         	20120312	   30.05	   30.20	   29.57	   29.68	      380495
4938   	和碩         	20120313	   30.13	   31.57	   30.13	   30.83	     1123399
4938   	和碩         	20120314	   31.38	   32.67	   31.38	   32.16	     1155559
4938   	和碩         	20120315	   32.34	   33.38	   32.34	   32.86	     1030103
4938   	和碩         	20120316	   32.86	   32.86	   32.05	   32.05	      723447
4938   	和碩         	20120319	   32.05	   32.49	   31.49	   31.68	      401144
4938   	和碩         	20120320	   31.68	   31.97	   30.79	   31.01	      597812
4938   	和碩         	20120321	   31.09	   31.60	   30.98	   31.34	      452980
4938   	和碩         	20120322	   31.49	   33.52	   31.49	   33.52	     1434989
4938   	和碩         	20120323	   33.30	   33.74	   32.86	   33.45	     1001961
4938   	和碩         	20120326	   33.30	   33.60	   32.49	   33.23	      581163
4938   	和碩         	20120327	   33.63	   34.19	   33.38	   33.97	      726732
4938   	和碩         	20120328	   34.34	   35.52	   34.15	   34.52	     1148929
4938   	和碩         	20120329	   33.60	   33.60	   32.16	   33.41	      834808
4938   	和碩         	20120330	   32.86	   34.04	   32.30	   33.97	      672573
4938   	和碩         	20120402	   33.49	   34.34	   33.08	   33.12	      415508
4938   	和碩         	20120403	   33.38	   33.60	   31.82	   32.34	      480838
4938   	和碩         	20120405	   31.82	   32.34	   31.09	   31.49	      416884
4938   	和碩         	20120406	   31.68	   32.16	   31.57	   31.75	      252038
4938   	和碩         	20120409	   31.01	   31.86	   30.75	   31.38	      212383
4938   	和碩         	20120410	   31.75	   32.64	   31.75	   32.23	      401532
4938   	和碩         	20120411	   31.68	   32.23	   31.53	   31.79	      442277
4938   	和碩         	20120412	   31.82	   32.08	   31.49	   31.75	      217102
4938   	和碩         	20120413	   32.12	   33.60	   32.12	   32.82	      719722
4938   	和碩         	20120416	   32.82	   33.52	   32.64	   33.26	      606825
4938   	和碩         	20120417	   33.41	   33.78	   31.86	   31.86	      612261
4938   	和碩         	20120418	   32.53	   32.67	   31.82	   32.34	      419008
4938   	和碩         	20120419	   32.49	   32.71	   31.82	   32.71	      159565
4938   	和碩         	20120420	   32.78	   33.26	   32.12	   32.90	      430003
4938   	和碩         	20120423	   32.64	   33.30	   31.82	   32.12	      331348
4938   	和碩         	20120424	   31.90	   32.82	   31.90	   32.49	      200823
4938   	和碩         	20120425	   33.30	   34.41	   33.01	   33.52	      563079
4938   	和碩         	20120426	   33.89	   34.26	   33.01	   33.08	      439138
4938   	和碩         	20120427	   33.23	   33.45	   31.90	   32.45	      416687
4938   	和碩         	20120430	   32.19	   32.64	   30.83	   31.23	      799406
4938   	和碩         	20120502	   31.23	   32.34	   30.31	   32.08	      632696
4938   	和碩         	20120503	   32.05	   32.53	   31.23	   31.53	      592668
4938   	和碩         	20120504	   30.79	   31.90	   30.79	   31.16	      677401
4938   	和碩         	20120507	   30.72	   30.72	   29.68	   30.16	      612046
4938   	和碩         	20120508	   30.16	   30.64	   29.68	   30.05	      566861
4938   	和碩         	20120509	   29.79	   31.46	   29.76	   30.68	      639318
4938   	和碩         	20120510	   31.71	   31.82	   31.16	   31.46	      389254
4938   	和碩         	20120511	   32.12	   32.82	   31.60	   31.60	      776291
4938   	和碩         	20120514	   31.60	   31.94	   31.38	   31.60	      324743
4938   	和碩         	20120515	   31.75	   31.86	   31.27	   31.38	      324523
4938   	和碩         	20120516	   31.53	   31.53	   30.24	   30.42	      463768
4938   	和碩         	20120517	   30.94	   32.34	   30.90	   31.90	      470475
4938   	和碩         	20120518	   31.27	   31.68	   30.13	   30.38	      676196
4938   	和碩         	20120521	   30.64	   31.01	   29.90	   30.64	      258356
4938   	和碩         	20120522	   31.27	   31.49	   31.05	   31.46	      273120
4938   	和碩         	20120523	   31.38	   31.38	   30.20	   30.98	      259884
4938   	和碩         	20120524	   31.38	   31.38	   29.72	   30.05	      284045
4938   	和碩         	20120525	   30.13	   30.27	   29.31	   29.50	      588720
4938   	和碩         	20120528	   29.50	   29.83	   29.24	   29.61	      262070
4938   	和碩         	20120529	   29.76	   31.23	   29.72	   30.64	      417008
4938   	和碩         	20120530	   30.64	   31.64	   30.02	   31.16	      632600
4938   	和碩         	20120531	   30.27	   31.46	   30.02	   30.61	      843080
4938   	和碩         	20120601	   30.27	   30.57	   29.57	   29.68	      441159
4938   	和碩         	20120604	   28.06	   29.31	   28.06	   29.24	      425155
4938   	和碩         	20120605	   29.79	   30.53	   29.79	   30.42	      325624
4938   	和碩         	20120606	   31.09	   32.01	   30.61	   31.75	      727272
4938   	和碩         	20120607	   32.49	   32.49	   31.42	   31.57	      368512
4938   	和碩         	20120608	   31.38	   31.75	   30.86	   31.01	      300818
4938   	和碩         	20120611	   31.90	   32.30	   31.16	   31.34	      374986
4938   	和碩         	20120612	   30.42	   31.01	   30.35	   30.75	      265984
4938   	和碩         	20120613	   30.83	   30.98	   30.31	   30.46	      236198
4938   	和碩         	20120614	   30.42	   30.53	   30.13	   30.13	      325804
4938   	和碩         	20120615	   30.20	   30.61	   30.16	   30.53	      456292
4938   	和碩         	20120618	   31.27	   31.57	   31.12	   31.42	      381418
4938   	和碩         	20120619	   31.68	   31.82	   31.38	   31.49	      348614
4938   	和碩         	20120620	   31.71	   31.79	   31.38	   31.60	      352611
4938   	和碩         	20120621	   31.75	   32.34	   31.31	   31.46	      459121
4938   	和碩         	20120622	   30.94	   31.09	   30.72	   30.75	      308355
4938   	和碩         	20120625	   30.72	   30.72	   30.13	   30.13	      385373
4938   	和碩         	20120626	   30.13	   30.38	   28.47	   29.35	      753374
4938   	和碩         	20120627	   29.35	   30.20	   29.35	   30.09	      889601
4938   	和碩         	20120628	   29.90	   29.98	   28.65	   28.98	      613434
4938   	和碩         	20120629	   28.47	   28.80	   27.69	   28.72	     1092352
4938   	和碩         	20120702	   28.61	   28.72	   27.80	   28.17	      435099
4938   	和碩         	20120703	   28.06	   28.65	   28.06	   28.54	     1326499
4938   	和碩         	20120704	   29.17	   29.68	   28.98	   29.42	      514085
4938   	和碩         	20120705	   29.54	   29.83	   29.13	   29.54	      215150
4938   	和碩         	20120706	   29.76	   29.76	   28.80	   29.09	      250970
4938   	和碩         	20120709	   28.61	   28.98	   28.35	   28.47	      280122
4938   	和碩         	20120710	   28.72	   28.83	   27.91	   28.35	      308546
4938   	和碩         	20120711	   28.06	   28.43	   28.06	   28.21	      240956
4938   	和碩         	20120712	   28.13	   28.28	   27.87	   27.99	      182315
4938   	和碩         	20120713	   27.91	   27.95	   26.95	   27.03	      713324
4938   	和碩         	20120716	   27.17	   27.17	   25.14	   25.29	      758127
4938   	和碩         	20120717	   25.03	   25.81	   24.96	   25.55	      626121
4938   	和碩         	20120718	   25.55	   25.55	   24.96	   25.11	      309972
4938   	和碩         	20120719	   25.55	   26.80	   25.33	   26.62	      608382
4938   	和碩         	20120720	   26.55	   26.62	   26.10	   26.14	      303704
4938   	和碩         	20120723	   26.43	   26.43	   25.77	   25.92	      176353
4938   	和碩         	20120724	   26.14	   26.29	   25.59	   25.92	      211843
4938   	和碩         	20120725	   25.25	   26.43	   25.22	   26.03	      331698
4938   	和碩         	20120726	   26.03	   26.40	   25.81	   26.03	      216175
4938   	和碩         	20120727	   26.66	   27.84	   26.29	   27.80	      596075
4938   	和碩         	20120730	   27.84	   29.02	   27.69	   28.72	      627533
4938   	和碩         	20120731	   28.72	   29.02	   28.39	   29.02	      417954
4938   	和碩         	20120801	   28.98	   28.98	   28.21	   28.54	      420114
4938   	和碩         	20120803	   28.06	   28.10	   27.14	   27.36	      570089
4938   	和碩         	20120806	   28.17	   28.69	   27.91	   28.43	      437841
4938   	和碩         	20120807	   28.17	   28.35	   27.84	   28.13	      282874
4938   	和碩         	20120808	   28.35	   28.76	   27.76	   27.80	      352821
4938   	和碩         	20120809	   27.91	   29.24	   27.69	   28.65	      886714
4938   	和碩         	20120810	   28.65	   29.57	   28.61	   28.80	      560410
4938   	和碩         	20120813	   29.02	   29.54	   28.58	   29.54	      236606
4938   	和碩         	20120814	   29.54	   30.05	   29.54	   29.61	      484132
4938   	和碩         	20120815	   29.61	   29.68	   29.09	   29.42	      360111
4938   	和碩         	20120816	   29.42	   30.13	   29.39	   29.90	      285862
4938   	和碩         	20120817	   30.24	   31.46	   29.87	   30.98	      565357
4938   	和碩         	20120820	   31.01	   31.09	   30.35	   30.35	      399583
4938   	和碩         	20120821	   31.01	   31.09	   30.50	   30.98	      501793
4938   	和碩         	20120822	   30.86	   31.16	   30.57	   30.98	      462811
4938   	和碩         	20120823	   30.64	   30.98	   29.17	   29.35	      799022
4938   	和碩         	20120824	   27.32	   27.32	   27.32	   27.32	      359239
4938   	和碩         	20120827	   27.32	   27.32	   26.69	   27.06	     1093357
4938   	和碩         	20120828	   27.06	   27.65	   26.95	   27.39	      396491
4938   	和碩         	20120829	   27.51	   28.43	   27.47	   28.10	      431167
4938   	和碩         	20120830	   28.24	   28.65	   28.06	   28.06	      308380
4938   	和碩         	20120831	   28.02	   28.28	   27.69	   27.73	      183856
4938   	和碩         	20120903	   27.73	   29.17	   27.73	   28.87	      354163
4938   	和碩         	20120904	   28.87	   28.98	   28.35	   28.61	      477036
4938   	和碩         	20120905	   28.28	   28.72	   28.24	   28.24	      217066
4938   	和碩         	20120906	   28.24	   28.50	   27.95	   27.99	      169521
4938   	和碩         	20120907	   28.54	   28.69	   28.24	   28.43	      244610
4938   	和碩         	20120910	   28.06	   28.35	   27.69	   27.84	      291278
4938   	和碩         	20120911	   27.84	   28.10	   27.69	   27.69	      250936
4938   	和碩         	20120912	   27.69	   28.24	   27.69	   27.95	      233656
4938   	和碩         	20120913	   28.06	   28.76	   28.06	   28.69	      409228
4938   	和碩         	20120914	   29.17	   29.54	   28.94	   29.50	      612692
4938   	和碩         	20120917	   29.90	   30.31	   29.68	   29.87	      845912
4938   	和碩         	20120918	   29.83	   29.90	   29.54	   29.72	      379361
4938   	和碩         	20120919	   29.39	   29.72	   28.98	   29.20	      351717
4938   	和碩         	20120920	   29.20	   29.39	   28.72	   28.91	      322882
4938   	和碩         	20120921	   29.17	   29.54	   28.43	   29.35	      448275
4938   	和碩         	20120924	   29.24	   30.13	   29.09	   29.94	      413833
4938   	和碩         	20120925	   30.09	   30.20	   29.06	   29.24	      397635
4938   	和碩         	20120926	   28.91	   29.24	   27.91	   27.95	      728553
4938   	和碩         	20120927	   27.95	   28.17	   27.51	   27.54	      484879
4938   	和碩         	20120928	   27.62	   28.17	   27.43	   28.17	      587079
4938   	和碩         	20121001	   28.21	   28.39	   27.99	   27.99	      263280
4938   	和碩         	20121002	   28.06	   28.72	   28.06	   28.50	      376541
4938   	和碩         	20121003	   28.43	   29.24	   28.43	   28.65	      624699
4938   	和碩         	20121004	   28.80	   28.91	   28.17	   28.80	      302240
4938   	和碩         	20121005	   28.94	   29.02	   28.50	   28.58	      188526
4938   	和碩         	20121008	   29.02	   29.02	   28.32	   28.32	      156236
4938   	和碩         	20121009	   28.72	   28.83	   28.06	   28.06	      359259
4938   	和碩         	20121011	   27.91	   28.91	   27.76	   28.80	      385649
4938   	和碩         	20121012	   28.80	   28.94	   28.58	   28.80	      336797
4938   	和碩         	20121015	   28.80	   28.83	   28.06	   28.28	      210931
4938   	和碩         	20121016	   28.50	   29.02	   28.43	   28.94	      322112
4938   	和碩         	20121017	   29.17	   30.72	   29.17	   30.20	     1135417
4938   	和碩         	20121018	   30.86	   30.86	   30.31	   30.64	      889805
4938   	和碩         	20121019	   30.79	   30.79	   29.76	   30.13	      622266
4938   	和碩         	20121022	   29.54	   30.50	   29.46	   30.31	      408451
4938   	和碩         	20121023	   29.83	   30.05	   29.20	   29.28	      537730
4938   	和碩         	20121024	   29.09	   29.17	   28.13	   28.28	      860647
4938   	和碩         	20121025	   28.28	   28.65	   27.84	   27.99	      450160
4938   	和碩         	20121026	   28.35	   28.35	   26.88	   27.25	      450006
4938   	和碩         	20121029	   27.25	   27.80	   27.10	   27.10	      260022
4938   	和碩         	20121030	   27.32	   28.10	   27.32	   27.99	      318712
4938   	和碩         	20121031	   27.99	   28.10	   26.29	   27.25	      451884
4938   	和碩         	20121101	   26.58	   27.32	   26.25	   26.95	      554094
4938   	和碩         	20121102	   27.32	   27.87	   27.06	   27.39	      710503
4938   	和碩         	20121105	   27.54	   28.10	   27.47	   28.06	      301715
4938   	和碩         	20121106	   28.21	   28.58	   27.43	   27.62	      485376
4938   	和碩         	20121107	   27.80	   28.28	   27.54	   28.21	      296463
4938   	和碩         	20121108	   27.91	   28.06	   27.43	   28.06	      271612
4938   	和碩         	20121109	   27.95	   29.46	   27.76	   29.13	      812447
4938   	和碩         	20121112	   28.43	   28.50	   27.47	   27.47	      726088
4938   	和碩         	20121113	   27.36	   27.47	   26.58	   26.58	      467779
4938   	和碩         	20121114	   26.66	   27.06	   26.47	   26.80	      553052
4938   	和碩         	20121115	   26.58	   27.25	   26.29	   27.10	      408889
4938   	和碩         	20121116	   27.10	   27.25	   25.99	   25.99	      748100
4938   	和碩         	20121119	   26.07	   26.47	   26.07	   26.43	      291248
4938   	和碩         	20121120	   26.99	   27.03	   26.58	   26.58	      224630
4938   	和碩         	20121121	   26.80	   26.91	   26.07	   26.43	      165168
4938   	和碩         	20121122	   26.58	   26.73	   26.07	   26.21	      134829
4938   	和碩         	20121123	   26.58	   27.47	   26.43	   27.39	      399668
4938   	和碩         	20121126	   27.76	   27.91	   27.39	   27.54	      266760
4938   	和碩         	20121127	   27.54	   27.73	   27.17	   27.51	      180071
4938   	和碩         	20121128	   27.25	   27.25	   26.91	   27.03	      255229
4938   	和碩         	20121129	   27.47	   27.76	   27.39	   27.39	      299943
4938   	和碩         	20121130	   27.84	   28.32	   27.62	   27.99	      528442
4938   	和碩         	20121203	   27.99	   28.17	   27.76	   27.84	      190206
4938   	和碩         	20121204	   27.54	   27.95	   27.54	   27.76	      312462
4938   	和碩         	20121205	   27.76	   27.87	   27.51	   27.58	      239061
4938   	和碩         	20121206	   27.58	   27.80	   27.06	   27.17	      212266
4938   	和碩         	20121207	   27.47	   28.17	   27.36	   27.65	      244044
4938   	和碩         	20121210	   27.99	   28.06	   27.14	   27.47	      293323
4938   	和碩         	20121211	   27.69	   27.91	   27.21	   27.25	      232405
4938   	和碩         	20121212	   27.69	   27.76	   27.43	   27.62	      148254
4938   	和碩         	20121213	   27.95	   28.10	   27.62	   27.87	      385438
4938   	和碩         	20121214	   27.62	   27.84	   27.39	   27.43	      279174
4938   	和碩         	20121217	   27.47	   27.54	   26.51	   26.51	      356262
4938   	和碩         	20121218	   26.51	   27.06	   26.51	   26.84	      306839
4938   	和碩         	20121219	   27.17	   27.36	   26.95	   27.06	      156674
4938   	和碩         	20121220	   26.88	   27.21	   26.77	   26.95	      206977
4938   	和碩         	20121221	   27.17	   27.17	   26.62	   26.80	      150711
4938   	和碩         	20121222	   26.99	   27.17	   26.73	   26.73	       92573
4938   	和碩         	20121224	   27.10	   27.73	   26.95	   27.17	      372145
4938   	和碩         	20121225	   27.47	   27.80	   27.21	   27.62	      200208
4938   	和碩         	20121226	   27.62	   27.95	   27.39	   27.39	      274299
4938   	和碩         	20121227	   27.39	   27.80	   27.39	   27.54	      313661
4938   	和碩         	20121228	   27.99	   27.99	   27.69	   27.73	      236136
4938   	和碩         	20130102	   27.80	   28.06	   27.65	   27.84	      208777
4938   	和碩         	20130103	   28.06	   28.94	   27.91	   28.94	      845038
4938   	和碩         	20130104	   28.94	   28.94	   28.58	   28.80	      367285
4938   	和碩         	20130107	   29.17	   29.17	   28.47	   28.50	      263232
4938   	和碩         	20130108	   28.43	   28.94	   28.17	   28.94	      396530
4938   	和碩         	20130109	   28.65	   29.28	   28.65	   28.98	      388921
4938   	和碩         	20130110	   29.17	   29.68	   29.17	   29.54	      780764
4938   	和碩         	20130111	   29.90	   29.94	   29.24	   29.28	      425838
4938   	和碩         	20130114	   29.24	   29.24	   28.50	   28.87	      440702
4938   	和碩         	20130115	   28.72	   28.72	   28.13	   28.13	      247879
4938   	和碩         	20130116	   28.17	   28.54	   28.17	   28.35	      180195
4938   	和碩         	20130117	   28.50	   29.02	   28.02	   28.24	      321363
4938   	和碩         	20130118	   28.98	   29.09	   28.69	   28.80	      145244
4938   	和碩         	20130121	   29.13	   29.68	   28.50	   29.39	      305089
4938   	和碩         	20130122	   29.39	   29.54	   28.87	   29.31	      153896
4938   	和碩         	20130123	   29.46	   29.46	   28.87	   28.94	      139143
4938   	和碩         	20130124	   28.58	   29.68	   28.43	   29.46	      464131
4938   	和碩         	20130125	   29.65	   30.27	   28.65	   28.65	      895115
4938   	和碩         	20130128	   29.02	   29.17	   28.39	   28.43	      326845
4938   	和碩         	20130129	   28.69	   29.17	   28.69	   28.94	      398082
4938   	和碩         	20130130	   28.94	   29.39	   28.50	   28.72	      381721
4938   	和碩         	20130131	   28.72	   29.31	   28.72	   28.87	      417908
4938   	和碩         	20130201	   28.87	   29.31	   28.72	   29.20	      274111
4938   	和碩         	20130204	   29.50	   29.90	   29.35	   29.50	      388182
4938   	和碩         	20130205	   29.46	   29.65	   29.20	   29.31	      229628
4938   	和碩         	20130206	   29.54	   29.61	   29.24	   29.24	      180409
4938   	和碩         	20130218	   29.46	   29.46	   28.94	   29.24	      208458
4938   	和碩         	20130219	   29.68	   30.02	   29.39	   29.50	      311908
4938   	和碩         	20130220	   30.13	   30.53	   29.72	   29.90	      844651
4938   	和碩         	20130221	   29.90	   30.31	   29.68	   29.94	      389802
4938   	和碩         	20130222	   29.83	   29.90	   29.13	   29.20	      576183
4938   	和碩         	20130223	   29.35	   29.54	   29.24	   29.24	       84795
4938   	和碩         	20130225	   29.39	   29.57	   29.28	   29.50	      277787
4938   	和碩         	20130226	   29.17	   29.39	   29.02	   29.17	      225496
4938   	和碩         	20130227	   29.24	   29.61	   29.24	   29.54	      250497
4938   	和碩         	20130301	   29.54	   30.05	   29.20	   29.20	      453835
4938   	和碩         	20130304	   29.50	   30.50	   29.50	   30.20	      843879
4938   	和碩         	20130305	   30.50	   31.38	   30.50	   31.27	      949742
4938   	和碩         	20130306	   31.27	   31.27	   29.65	   30.46	     1398986
4938   	和碩         	20130307	   30.64	   31.23	   30.38	   31.05	      722350
4938   	和碩         	20130308	   31.38	   31.46	   30.94	   31.12	      657713
4938   	和碩         	20130311	   31.31	   31.71	   30.94	   31.46	      687093
4938   	和碩         	20130312	   31.60	   32.01	   31.42	   31.71	      463772
4938   	和碩         	20130313	   31.90	   31.90	   31.34	   31.75	      360803
4938   	和碩         	20130314	   31.75	   32.34	   31.64	   32.08	      520482
4938   	和碩         	20130315	   32.19	   32.19	   31.60	   32.12	      472103
4938   	和碩         	20130318	   31.75	   32.42	   31.68	   32.34	      457489
4938   	和碩         	20130319	   32.34	   33.38	   32.12	   33.04	      715299
4938   	和碩         	20130320	   33.01	   33.01	   32.42	   32.67	      472171
4938   	和碩         	20130321	   32.42	   33.19	   32.42	   32.86	      364920
4938   	和碩         	20130322	   32.78	   33.41	   32.71	   32.71	      323269
4938   	和碩         	20130325	   32.93	   33.15	   32.71	   33.01	      177770
4938   	和碩         	20130326	   33.01	   33.45	   32.75	   33.45	      382347
4938   	和碩         	20130327	   33.26	   33.60	   33.08	   33.38	      362702
4938   	和碩         	20130328	   33.49	   33.82	   33.15	   33.82	      547958
4938   	和碩         	20130329	   33.78	   34.11	   33.60	   34.11	      240286
4938   	和碩         	20130401	   33.82	   34.11	   33.12	   33.19	      260999
4938   	和碩         	20130402	   33.08	   34.04	   32.97	   33.93	      304209
4938   	和碩         	20130403	   33.97	   34.19	   33.60	   33.82	      351053
4938   	和碩         	20130408	   33.30	   33.45	   32.53	   32.90	      518110
4938   	和碩         	20130409	   32.90	   33.41	   32.75	   33.41	      340851
4938   	和碩         	20130410	   33.56	   33.56	   32.71	   32.78	      487393
4938   	和碩         	20130411	   32.78	   33.52	   32.27	   33.41	      351337
4938   	和碩         	20130412	   33.41	   33.60	   31.94	   32.27	      458700
4938   	和碩         	20130415	   32.49	   33.15	   32.38	   32.56	      288196
4938   	和碩         	20130416	   31.75	   33.26	   31.75	   32.86	      285873
4938   	和碩         	20130417	   32.86	   33.26	   32.27	   33.23	      236457
4938   	和碩         	20130418	   32.34	   33.45	   32.34	   33.45	      365223
4938   	和碩         	20130419	   33.23	   33.60	   32.93	   33.23	      282172
4938   	和碩         	20130422	   33.23	   33.41	   32.38	   32.53	      341561
4938   	和碩         	20130423	   32.49	   33.56	   32.42	   33.56	      566769
4938   	和碩         	20130424	   33.60	   33.82	   33.26	   33.67	      258519
4938   	和碩         	20130425	   33.89	   35.52	   33.74	   35.07	     1004281
4938   	和碩         	20130426	   35.07	   35.07	   34.19	   34.45	      988999
4938   	和碩         	20130429	   34.26	   35.26	   34.11	   34.96	     5747570
4938   	和碩         	20130430	   34.34	   35.96	   34.34	   35.66	     2090450
4938   	和碩         	20130502	   35.89	   36.48	   35.48	   35.48	      894867
4938   	和碩         	20130503	   36.11	   36.44	   35.70	   36.44	      786737
4938   	和碩         	20130506	   36.81	   37.07	   36.66	   36.88	      500006
4938   	和碩         	20130507	   36.88	   36.88	   36.00	   36.33	      511375
4938   	和碩         	20130508	   36.44	   36.92	   36.11	   36.14	      599411
4938   	和碩         	20130509	   36.92	   37.14	   35.22	   35.48	     1504087
4938   	和碩         	20130510	   35.81	   37.51	   35.74	   37.44	     1304437
4938   	和碩         	20130513	   37.51	   37.58	   36.85	   37.44	      454424
4938   	和碩         	20130514	   37.58	   37.66	   36.92	   36.92	      356003
4938   	和碩         	20130515	   36.99	   38.25	   36.92	   38.25	      802230
4938   	和碩         	20130516	   38.62	   40.91	   38.62	   40.91	     1646826
4938   	和碩         	20130517	   40.91	   40.91	   39.95	   40.02	      861308
4938   	和碩         	20130520	   39.58	   40.54	   39.50	   39.73	      371107
4938   	和碩         	20130521	   39.73	   40.09	   38.62	   39.06	      571095
4938   	和碩         	20130522	   39.43	   39.58	   38.62	   39.21	      579769
4938   	和碩         	20130523	   39.13	   39.21	   37.66	   38.40	      869645
4938   	和碩         	20130524	   38.62	   38.77	   38.17	   38.17	      620287
4938   	和碩         	20130527	   38.32	   40.09	   38.32	   39.50	      765973
4938   	和碩         	20130528	   39.87	   40.09	   39.36	   39.43	      457226
4938   	和碩         	20130529	   39.73	   39.87	   39.06	   39.50	      429745
4938   	和碩         	20130530	   39.50	   40.24	   39.36	   39.87	      641879
4938   	和碩         	20130531	   40.24	   40.46	   39.28	   40.09	      764881
4938   	和碩         	20130603	   39.50	   39.87	   39.13	   39.13	      476317
4938   	和碩         	20130604	   39.21	   39.87	   39.21	   39.50	      594063
4938   	和碩         	20130605	   39.50	   39.73	   39.21	   39.28	      311810
4938   	和碩         	20130606	   38.99	   39.06	   38.03	   38.10	      453135
4938   	和碩         	20130607	   38.40	   38.77	   38.10	   38.17	      574425
4938   	和碩         	20130610	   38.77	   39.65	   38.77	   39.28	      481750
4938   	和碩         	20130611	   39.50	   39.80	   38.62	   38.69	      464057
4938   	和碩         	20130613	   37.95	   38.62	   37.95	   38.47	      442712
4938   	和碩         	20130614	   38.47	   38.77	   38.25	   38.69	      277274
4938   	和碩         	20130617	   39.13	   39.73	   38.69	   38.84	      584859
4938   	和碩         	20130618	   39.28	   39.28	   38.32	   38.47	      259223
4938   	和碩         	20130619	   38.77	   38.99	   38.47	   38.77	      361628
4938   	和碩         	20130620	   38.32	   39.36	   38.32	   38.77	      498302
4938   	和碩         	20130621	   38.77	   39.58	   37.95	   38.69	     1289503
4938   	和碩         	20130624	   38.69	   38.84	   36.00	   36.03	     1019428
4938   	和碩         	20130625	   35.74	   36.03	   34.56	   35.26	      843627
4938   	和碩         	20130626	   36.51	   37.21	   35.96	   37.14	      596562
4938   	和碩         	20130627	   37.58	   37.58	   36.40	   36.74	      448760
4938   	和碩         	20130628	   37.36	   37.66	   36.55	   36.55	      487488
4938   	和碩         	20130701	   36.55	   37.66	   36.37	   37.36	      277513
4938   	和碩         	20130702	   37.36	   37.95	   37.07	   37.73	      365327
4938   	和碩         	20130703	   37.81	   38.40	   37.66	   38.40	      469193
4938   	和碩         	20130704	   38.62	   38.62	   37.58	   37.66	      589606
4938   	和碩         	20130705	   37.66	   38.03	   37.36	   37.36	      419386
4938   	和碩         	20130708	   37.36	   37.51	   36.55	   36.59	      301681
4938   	和碩         	20130709	   36.77	   37.51	   36.77	   37.29	      381326
4938   	和碩         	20130710	   37.51	   38.84	   37.36	   38.03	      872894
4938   	和碩         	20130711	   38.32	   38.91	   38.17	   38.77	      773516
4938   	和碩         	20130712	   38.03	   38.40	   37.21	   37.58	      609002
4938   	和碩         	20130715	   37.07	   38.17	   36.88	   38.17	      371340
4938   	和碩         	20130716	   37.73	   38.03	   37.36	   37.73	      455442
4938   	和碩         	20130717	   36.66	   36.66	   35.11	   35.11	     1231691
4938   	和碩         	20130718	   34.34	   34.63	   32.67	   33.71	     1992920
4938   	和碩         	20130719	   33.15	   33.86	   32.71	   33.45	      970309
4938   	和碩         	20130722	   33.52	   33.97	   33.04	   33.34	      760855
4938   	和碩         	20130723	   33.89	   34.19	   33.60	   34.00	      547528
4938   	和碩         	20130724	   34.30	   34.45	   33.67	   34.04	      666578
4938   	和碩         	20130725	   34.11	   34.56	   33.74	   33.97	      343219
4938   	和碩         	20130726	   34.41	   34.56	   33.30	   33.49	      581043
4938   	和碩         	20130729	   33.49	   34.15	   33.26	   33.97	      263522
4938   	和碩         	20130730	   33.45	   33.63	   32.97	   33.60	      700551
4938   	和碩         	20130731	   33.23	   33.38	   32.71	   32.71	      516089
4938   	和碩         	20130801	   32.71	   33.08	   32.30	   32.34	      398105
4938   	和碩         	20130802	   32.71	   33.38	   32.67	   33.08	      442547
4938   	和碩         	20130805	   32.93	   33.89	   32.64	   33.67	      317528
4938   	和碩         	20130806	   33.63	   33.89	   33.30	   33.67	      262765
4938   	和碩         	20130807	   33.23	   33.52	   32.93	   32.93	      192222
4938   	和碩         	20130808	   32.93	   33.30	   32.75	   33.08	      199634
4938   	和碩         	20130809	   33.08	   33.63	   32.67	   33.63	      254225
4938   	和碩         	20130812	   33.23	   33.67	   33.19	   33.38	      209638
4938   	和碩         	20130813	   34.85	   35.70	   34.11	   35.66	     1155124
4938   	和碩         	20130814	   35.66	   35.96	   35.11	   35.44	      764053
4938   	和碩         	20130815	   35.22	   35.63	   34.85	   35.59	      478576
4938   	和碩         	20130816	   35.30	   35.44	   34.96	   35.07	      388279
4938   	和碩         	20130819	   35.41	   35.44	   34.48	   34.48	      306358
4938   	和碩         	20130820	   34.48	   35.26	   34.48	   34.78	      304120
4938   	和碩         	20130822	   34.70	   34.70	   34.00	   34.00	      610832
4938   	和碩         	20130823	   34.11	   34.63	   34.11	   34.34	      413303
4938   	和碩         	20130826	   34.85	   35.37	   34.41	   35.15	      447954
4938   	和碩         	20130827	   34.70	   34.93	   33.97	   33.97	      350018
4938   	和碩         	20130828	   33.30	   33.86	   32.71	   33.45	      545891
4938   	和碩         	20130829	   33.67	   34.78	   33.63	   34.59	      318396
4938   	和碩         	20130830	   34.78	   34.78	   33.78	   34.19	      444550
4938   	和碩         	20130902	   33.97	   34.19	   33.26	   33.38	      466530
4938   	和碩         	20130903	   33.38	   33.63	   33.08	   33.60	      473105
4938   	和碩         	20130904	   33.63	   33.97	   32.97	   33.23	      751802
4938   	和碩         	20130905	   33.23	   34.26	   32.86	   34.26	      711502
4938   	和碩         	20130906	   34.89	   34.89	   33.89	   33.89	      688805
4938   	和碩         	20130909	   33.82	   34.11	   33.45	   33.60	      273220
4938   	和碩         	20130910	   33.93	   34.26	   33.82	   34.26	      328015
4938   	和碩         	20130911	   33.26	   33.49	   31.90	   31.90	     1150844
4938   	和碩         	20130912	   31.12	   31.12	   30.09	   30.83	     1625120
4938   	和碩         	20130913	   30.83	   30.98	   30.13	   30.38	      641184
4938   	和碩         	20130914	   30.64	   31.49	   30.64	   31.31	      571845
4938   	和碩         	20130916	   31.75	   32.38	   31.68	   32.19	      853629
4938   	和碩         	20130917	   31.86	   31.86	   31.16	   31.38	      657809
4938   	和碩         	20130918	   31.16	   32.05	   31.05	   32.05	      561678
4938   	和碩         	20130923	   32.05	   32.16	   31.82	   32.08	      432807
4938   	和碩         	20130924	   32.56	   32.71	   32.30	   32.56	      641571
4938   	和碩         	20130925	   32.86	   32.86	   31.64	   31.75	      767338
4938   	和碩         	20130926	   31.60	   31.75	   31.09	   31.16	      392887
4938   	和碩         	20130927	   31.31	   31.68	   31.16	   31.53	      265638
4938   	和碩         	20130930	   31.38	   31.60	   31.16	   31.16	      347255
4938   	和碩         	20131001	   31.38	   31.68	   31.30	   31.30	      405627
4938   	和碩         	20131002	   31.41	   31.72	   31.07	   31.26	      358023
4938   	和碩         	20131003	   31.22	   31.68	   31.22	   31.45	      353639
4938   	和碩         	20131004	   31.45	   32.26	   31.41	   32.10	      362524
4938   	和碩         	20131007	   32.52	   32.52	   32.10	   32.10	      390983
4938   	和碩         	20131008	   32.45	   32.75	   32.06	   32.06	      517987
4938   	和碩         	20131009	   32.03	   32.03	   31.30	   31.38	      625529
4938   	和碩         	20131011	   31.60	   31.76	   29.96	   30.00	      735843
4938   	和碩         	20131014	   30.76	   30.76	   29.84	   30.11	      458176
4938   	和碩         	20131015	   30.61	   30.76	   30.34	   30.61	      412527
4938   	和碩         	20131016	   30.61	   30.80	   30.23	   30.61	      331242
4938   	和碩         	20131017	   30.07	   30.80	   29.84	   30.61	      393195
4938   	和碩         	20131018	   30.57	   30.84	   30.27	   30.69	      383854
4938   	和碩         	20131021	   30.61	   30.88	   30.38	   30.80	      351827
4938   	和碩         	20131022	   30.80	   31.03	   30.42	   30.53	      346145
4938   	和碩         	20131023	   30.99	   31.18	   30.65	   30.76	      303452
4938   	和碩         	20131024	   30.61	   31.45	   30.53	   31.38	      494376
4938   	和碩         	20131025	   31.07	   31.11	   30.57	   30.61	      394086
4938   	和碩         	20131028	   30.61	   30.84	   30.46	   30.76	      271134
4938   	和碩         	20131029	   30.53	   30.76	   30.42	   30.53	      224369
4938   	和碩         	20131030	   30.84	   31.26	   30.84	   31.22	      320803
4938   	和碩         	20131031	   31.22	   31.91	   30.92	   31.30	      530871
4938   	和碩         	20131101	   31.76	   31.99	   30.84	   30.92	      412815
4938   	和碩         	20131104	   30.99	   31.57	   30.92	   31.57	      231817
4938   	和碩         	20131105	   31.72	   31.87	   31.38	   31.38	      295189
4938   	和碩         	20131106	   31.53	   31.60	   31.03	   31.38	      188333
4938   	和碩         	20131107	   31.38	   31.38	   30.61	   30.99	      339430
4938   	和碩         	20131108	   30.61	   30.84	   30.46	   30.72	      352596
4938   	和碩         	20131111	   30.76	   30.99	   29.62	   29.69	      441004
4938   	和碩         	20131112	   29.54	   29.54	   28.58	   28.70	      933243
4938   	和碩         	20131113	   28.70	   28.70	   27.93	   27.97	      421727
4938   	和碩         	20131114	   28.16	   28.74	   28.08	   28.47	      422929
4938   	和碩         	20131115	   28.70	   28.70	   28.12	   28.16	      285829
4938   	和碩         	20131118	   28.16	   28.16	   27.32	   27.36	      530932
4938   	和碩         	20131119	   27.43	   27.93	   27.43	   27.43	      592715
4938   	和碩         	20131120	   27.17	   27.36	   26.98	   27.01	      475571
4938   	和碩         	20131121	   27.01	   27.20	   26.17	   26.17	      750874
4938   	和碩         	20131122	   26.17	   26.67	   25.90	   26.25	      454216
4938   	和碩         	20131125	   26.78	   27.09	   26.63	   27.05	      255663
4938   	和碩         	20131126	   27.01	   27.40	   26.71	   27.32	      380515
4938   	和碩         	20131127	   27.32	   27.74	   27.32	   27.55	      336036
4938   	和碩         	20131128	   27.86	   28.43	   27.70	   28.20	      466634
4938   	和碩         	20131129	   28.31	   28.39	   28.08	   28.16	      245499
4938   	和碩         	20131202	   28.16	   28.20	   27.66	   27.86	      318679
4938   	和碩         	20131203	   27.93	   28.28	   27.74	   28.28	      347294
4938   	和碩         	20131204	   28.28	   28.35	   27.97	   28.12	      235297
4938   	和碩         	20131205	   28.12	   28.35	   27.89	   28.01	      301450
4938   	和碩         	20131206	   28.12	   28.51	   28.01	   28.16	      546626
4938   	和碩         	20131209	   28.31	   28.39	   27.47	   27.70	      363347
4938   	和碩         	20131210	   27.70	   28.16	   27.70	   28.12	      344225
4938   	和碩         	20131211	   27.93	   28.28	   27.93	   28.05	      309281
4938   	和碩         	20131212	   27.63	   28.08	   27.17	   27.86	      345717
4938   	和碩         	20131213	   27.55	   28.43	   27.55	   28.35	      289841
4938   	和碩         	20131216	   28.51	   28.51	   28.16	   28.39	      244724
4938   	和碩         	20131217	   28.47	   28.81	   28.39	   28.70	      332788
4938   	和碩         	20131218	   28.93	   28.93	   28.05	   28.05	      242652
4938   	和碩         	20131219	   28.39	   28.47	   28.08	   28.35	      206811
4938   	和碩         	20131220	   28.35	   28.39	   27.93	   28.01	      217793
4938   	和碩         	20131223	   28.31	   28.74	   28.28	   28.31	      205201
4938   	和碩         	20131224	   28.31	   28.47	   28.20	   28.24	      126278
4938   	和碩         	20131225	   28.28	   28.51	   28.24	   28.31	       68489
4938   	和碩         	20131226	   28.62	   28.62	   28.28	   28.35	      130517
4938   	和碩         	20131227	   28.51	   28.93	   28.47	   28.93	      240158
4938   	和碩         	20131230	   28.93	   29.46	   28.85	   29.46	      340615
4938   	和碩         	20131231	   29.46	   29.73	   29.16	   29.39	      203374
4938   	和碩         	20140102	   29.31	   29.50	   29.19	   29.31	      155224
4938   	和碩         	20140103	   29.31	   29.31	   29.00	   29.08	      159344
4938   	和碩         	20140106	   29.16	   29.31	   28.96	   29.12	      165807
4938   	和碩         	20140107	   29.12	   29.69	   29.12	   29.42	      181879
4938   	和碩         	20140108	   29.42	   30.53	   29.42	   30.53	      689466
4938   	和碩         	20140109	   30.53	   30.72	   29.88	   29.88	      546516
4938   	和碩         	20140110	   30.07	   30.34	   29.88	   29.92	      266190
4938   	和碩         	20140113	   30.23	   30.38	   29.84	   29.88	      254098
4938   	和碩         	20140114	   29.81	   30.27	   29.73	   30.27	      203251
4938   	和碩         	20140115	   30.61	   31.26	   30.53	   30.84	      795900
4938   	和碩         	20140116	   31.07	   31.53	   31.07	   31.22	      439180
4938   	和碩         	20140117	   31.22	   31.38	   30.76	   30.84	      350957
4938   	和碩         	20140120	   31.53	   32.75	   31.38	   32.52	     1111820
4938   	和碩         	20140121	   32.83	   32.98	   31.76	   31.76	      765583
4938   	和碩         	20140122	   31.64	   31.72	   31.22	   31.38	      518696
4938   	和碩         	20140123	   31.45	   31.76	   31.22	   31.22	      288902
4938   	和碩         	20140124	   31.15	   31.49	   30.99	   31.03	      329861
4938   	和碩         	20140127	   30.61	   30.80	   30.42	   30.50	      520941
4938   	和碩         	20140205	   29.16	   29.69	   28.93	   29.12	      668210
4938   	和碩         	20140206	   29.16	   29.58	   29.16	   29.39	      360499
4938   	和碩         	20140207	   29.54	   29.88	   29.39	   29.81	      339187
4938   	和碩         	20140210	   29.84	   30.11	   29.58	   29.69	      265076
4938   	和碩         	20140211	   30.23	   30.69	   29.96	   30.15	      324848
4938   	和碩         	20140212	   30.23	   30.53	   30.15	   30.34	      187423
4938   	和碩         	20140213	   30.34	   30.46	   30.00	   30.23	      157774
4938   	和碩         	20140214	   30.07	   30.57	   30.07	   30.38	      236790
4938   	和碩         	20140217	   30.72	   30.99	   30.69	   30.72	      197601
4938   	和碩         	20140218	   30.84	   30.92	   30.42	   30.61	      208797
4938   	和碩         	20140219	   30.72	   30.92	   30.53	   30.57	      230942
4938   	和碩         	20140220	   30.23	   30.69	   30.23	   30.46	      159553
4938   	和碩         	20140221	   30.61	   30.92	   30.50	   30.65	      177616
4938   	和碩         	20140224	   30.76	   31.38	   30.72	   31.26	      418739
4938   	和碩         	20140225	   31.45	   31.76	   30.69	   30.69	      532161
4938   	和碩         	20140226	   30.92	   31.18	   30.84	   30.84	      376913
4938   	和碩         	20140227	   30.99	   31.45	   30.95	   31.15	      280451
4938   	和碩         	20140303	   30.99	   31.30	   30.76	   31.22	      367839
4938   	和碩         	20140304	   31.15	   31.18	   30.95	   30.95	      352376
4938   	和碩         	20140305	   31.07	   31.83	   31.03	   31.60	      530211
4938   	和碩         	20140306	   31.76	   31.99	   31.22	   31.76	      466989
4938   	和碩         	20140307	   32.03	   32.33	   31.60	   31.64	      537688
4938   	和碩         	20140310	   31.76	   31.87	   31.38	   31.49	      211280
4938   	和碩         	20140311	   30.92	   31.53	   30.76	   31.38	      443051
4938   	和碩         	20140312	   31.38	   31.72	   30.99	   31.72	      206478
4938   	和碩         	20140313	   31.87	   32.10	   31.38	   31.91	      259384
4938   	和碩         	20140314	   31.87	   32.26	   31.38	   32.14	      375316
4938   	和碩         	20140317	   32.33	   32.83	   31.80	   32.60	      416685
4938   	和碩         	20140318	   32.91	   33.67	   32.91	   32.98	      778441
4938   	和碩         	20140319	   33.29	   33.36	   32.79	   33.29	      339376
4938   	和碩         	20140320	   32.91	   33.02	   32.52	   32.52	      476813
4938   	和碩         	20140321	   32.52	   32.75	   32.48	   32.52	      246183
4938   	和碩         	20140324	   32.37	   32.91	   32.10	   32.91	      268951
4938   	和碩         	20140325	   33.14	   33.71	   33.14	   33.29	      681413
4938   	和碩         	20140326	   33.52	   33.67	   33.33	   33.67	      614226
4938   	和碩         	20140327	   33.67	   33.98	   33.14	   33.14	      467469
4938   	和碩         	20140328	   33.29	   33.86	   33.21	   33.44	      942593
4938   	和碩         	20140331	   33.98	   34.70	   33.71	   34.70	     1206584
4938   	和碩         	20140401	   34.82	   35.43	   34.55	   34.93	      719110
4938   	和碩         	20140402	   35.20	   35.66	   35.20	   35.35	      752487
4938   	和碩         	20140403	   35.58	   35.74	   35.05	   35.51	      666233
4938   	和碩         	20140407	   35.13	   35.51	   34.63	   34.82	      557302
4938   	和碩         	20140408	   34.82	   35.16	   34.36	   34.47	      587940
4938   	和碩         	20140409	   34.82	   35.35	   34.51	   34.67	      470203
4938   	和碩         	20140410	   35.20	   35.20	   34.70	   34.97	      601825
4938   	和碩         	20140411	   34.90	   34.97	   34.32	   34.82	      499122
4938   	和碩         	20140414	   34.74	   34.74	   33.98	   34.17	      259408
4938   	和碩         	20140415	   34.82	   35.05	   34.44	   34.97	      325692
4938   	和碩         	20140416	   35.16	   35.58	   34.90	   35.20	      590513
4938   	和碩         	20140417	   35.66	   35.78	   34.82	   35.24	      458768
4938   	和碩         	20140418	   35.43	   35.47	   34.82	   34.90	      217309
4938   	和碩         	20140421	   34.93	   35.24	   34.90	   35.01	      142264
4938   	和碩         	20140422	   35.09	   35.24	   35.05	   35.16	      170736
4938   	和碩         	20140423	   35.20	   35.47	   35.16	   35.28	      253638
4938   	和碩         	20140424	   35.51	   36.08	   35.32	   35.97	      671191
4938   	和碩         	20140425	   35.97	   36.12	   34.70	   35.05	      582467
4938   	和碩         	20140428	   34.44	   35.01	   34.44	   35.01	      361391
4938   	和碩         	20140429	   35.16	   35.35	   35.05	   35.28	      172029
4938   	和碩         	20140430	   35.35	   35.47	   34.74	   35.01	      323672
4938   	和碩         	20140502	   35.28	   35.43	   35.05	   35.28	      115383
4938   	和碩         	20140505	   35.43	   35.55	   35.05	   35.24	      107732
4938   	和碩         	20140506	   35.81	   37.00	   35.43	   36.81	      980405
4938   	和碩         	20140507	   36.81	   37.73	   36.81	   37.50	     1214191
4938   	和碩         	20140508	   37.57	   37.61	   36.08	   36.08	     1027576
4938   	和碩         	20140509	   37.65	   38.19	   37.27	   37.88	     1796808
4938   	和碩         	20140512	   38.34	   39.03	   38.03	   38.26	      978760
4938   	和碩         	20140513	   38.34	   39.26	   38.34	   38.95	      793291
4938   	和碩         	20140514	   39.26	   39.79	   38.72	   39.33	      812043
4938   	和碩         	20140515	   39.41	   40.02	   39.41	   39.87	      847070
4938   	和碩         	20140516	   39.79	   40.25	   38.72	   39.79	      770370
4938   	和碩         	20140519	   39.79	   41.78	   39.49	   41.40	     1152043
4938   	和碩         	20140520	   41.40	   41.48	   40.33	   40.79	      819534
4938   	和碩         	20140521	   40.79	   41.32	   39.79	   39.79	      554397
4938   	和碩         	20140522	   40.71	   41.32	   40.18	   41.25	      819811
4938   	和碩         	20140523	   41.32	   41.78	   41.09	   41.32	      759471
4938   	和碩         	20140526	   41.71	   41.78	   41.02	   41.09	      410308
4938   	和碩         	20140527	   41.71	   41.94	   41.32	   41.32	      418647
4938   	和碩         	20140528	   42.09	   42.78	   42.01	   42.62	     1006198
4938   	和碩         	20140529	   43.08	   45.00	   43.01	   44.46	     1874457
4938   	和碩         	20140530	   44.46	   44.54	   43.85	   44.38	     1212871
4938   	和碩         	20140603	   45.15	   45.15	   43.70	   44.08	      938451
4938   	和碩         	20140604	   44.31	   44.61	   43.24	   43.31	      701640
4938   	和碩         	20140605	   43.54	   44.00	   42.55	   43.08	      810905
4938   	和碩         	20140606	   43.54	   44.38	   43.16	   43.62	      710313
4938   	和碩         	20140609	   43.85	   43.85	   42.55	   42.70	      564116
4938   	和碩         	20140610	   42.93	   43.54	   42.93	   43.54	      388460
4938   	和碩         	20140611	   43.47	   44.23	   42.85	   44.00	      612837
4938   	和碩         	20140612	   44.00	   44.08	   42.93	   43.01	      481651
4938   	和碩         	20140613	   43.01	   43.01	   41.94	   42.09	      769301
4938   	和碩         	20140616	   41.86	   42.32	   41.17	   42.09	      849355
4938   	和碩         	20140617	   42.39	   43.62	   42.24	   43.54	      891729
4938   	和碩         	20140618	   43.77	   43.93	   42.70	   43.24	      573959
4938   	和碩         	20140619	   43.62	   43.85	   43.16	   43.31	      567369
4938   	和碩         	20140620	   43.47	   43.47	   42.85	   43.39	      442088
4938   	和碩         	20140623	   43.54	   44.08	   43.31	   43.47	      820498
4938   	和碩         	20140624	   43.70	   43.77	   42.47	   42.85	      463607
4938   	和碩         	20140625	   43.16	   43.16	   42.24	   42.47	      301027
4938   	和碩         	20140626	   42.85	   42.85	   41.78	   41.94	      434850
4938   	和碩         	20140627	   41.48	   41.94	   40.79	   41.02	      767865
4938   	和碩         	20140630	   41.32	   43.62	   41.25	   43.62	      946751
4938   	和碩         	20140701	   43.77	   43.77	   42.70	   42.70	      663058
4938   	和碩         	20140702	   42.78	   43.39	   42.39	   42.85	      567982
4938   	和碩         	20140703	   42.85	   43.85	   42.70	   43.47	      486726
4938   	和碩         	20140704	   43.85	   43.85	   43.08	   43.62	      462418
4938   	和碩         	20140707	   43.70	   45.07	   43.31	   44.54	      877196
4938   	和碩         	20140708	   44.69	   45.76	   44.54	   45.61	     1315849
4938   	和碩         	20140709	   45.30	   45.53	   44.54	   44.54	      593109
4938   	和碩         	20140710	   45.23	   47.14	   45.15	   45.61	     1439434
4938   	和碩         	20140711	   45.61	   47.06	   45.46	   45.92	     1282659
4938   	和碩         	20140714	   46.68	   46.68	   45.38	   45.46	      690391
4938   	和碩         	20140715	   45.92	   46.91	   45.76	   46.91	      838943
4938   	和碩         	20140716	   46.91	   48.06	   45.92	   45.92	      781533
4938   	和碩         	20140717	   45.92	   46.30	   44.84	   45.07	      558102
4938   	和碩         	20140718	   44.38	   45.76	   44.38	   45.69	      317544
4938   	和碩         	20140721	   46.30	   46.68	   45.99	   45.99	      399437
4938   	和碩         	20140722	   46.07	   46.37	   45.61	   46.07	      394581
4938   	和碩         	20140724	   46.83	   47.29	   46.60	   46.99	      716330
4938   	和碩         	20140725	   47.29	   47.29	   45.15	   45.84	      861780
4938   	和碩         	20140728	   45.84	   45.84	   44.38	   44.69	      621228
4938   	和碩         	20140729	   44.77	   45.15	   42.47	   42.85	      934733
4938   	和碩         	20140730	   43.39	   44.00	   43.08	   43.70	      562665
4938   	和碩         	20140731	   43.24	   44.00	   42.93	   44.00	      482167
4938   	和碩         	20140801	   43.24	   45.53	   42.93	   44.84	      735620
4938   	和碩         	20140804	   45.38	   45.92	   45.15	   45.76	      659234
4938   	和碩         	20140805	   45.76	   45.76	   43.85	   43.85	      515520
4938   	和碩         	20140806	   43.47	   44.08	   42.09	   43.47	      635853
4938   	和碩         	20140807	   43.62	   44.00	   42.78	   43.01	      474429
4938   	和碩         	20140808	   43.01	   43.47	   42.17	   43.47	      340243
4938   	和碩         	20140811	   44.08	   44.77	   43.47	   44.38	      393649
4938   	和碩         	20140812	   44.16	   45.61	   44.16	   45.53	      849722
4938   	和碩         	20140813	   45.46	   46.07	   45.23	   45.99	      572343
4938   	和碩         	20140814	   45.23	   46.45	   45.23	   46.14	      409793
4938   	和碩         	20140815	   46.14	   46.22	   45.69	   46.22	      305141
4938   	和碩         	20140818	   46.60	   48.90	   46.53	   48.59	     1596586
4938   	和碩         	20140819	   48.98	   48.98	   47.68	   47.90	      937263
4938   	和碩         	20140820	   48.59	   48.90	   47.60	   48.36	      682836
4938   	和碩         	20140821	   48.44	   48.59	   47.22	   47.29	      607354
4938   	和碩         	20140822	   47.45	   48.67	   47.37	   48.59	      700363
4938   	和碩         	20140825	   48.82	   48.82	   47.75	   47.90	      344253
4938   	和碩         	20140826	   48.29	   48.82	   47.90	   47.90	      383401
4938   	和碩         	20140827	   48.13	   48.67	   48.06	   48.52	      514426
4938   	和碩         	20140828	   48.90	   49.51	   48.36	   48.67	      654713
4938   	和碩         	20140829	   48.67	   49.36	   48.29	   48.52	      558687
4938   	和碩         	20140901	   49.36	   49.36	   48.82	   49.28	      638377
4938   	和碩         	20140902	   49.28	   49.36	   48.06	   48.36	      536713
4938   	和碩         	20140903	   48.52	   49.13	   47.83	   48.13	      731265
4938   	和碩         	20140904	   48.13	   48.82	   47.68	   48.36	     1201422
4938   	和碩         	20140905	   48.82	   48.82	   46.58	   46.82	     1503377
4938   	和碩         	20140909	   47.46	   48.26	   47.06	   47.94	      905265
4938   	和碩         	20140910	   47.86	   47.86	   45.86	   46.98	      635122
4938   	和碩         	20140911	   47.38	   47.86	   46.66	   47.86	      860045
4938   	和碩         	20140912	   48.10	   48.18	   46.50	   47.54	      704921
4938   	和碩         	20140915	   47.54	   47.54	   46.82	   47.30	      572797
4938   	和碩         	20140916	   47.62	   47.62	   46.02	   46.02	      691098
4938   	和碩         	20140917	   46.02	   46.34	   45.62	   45.86	      839938
4938   	和碩         	20140918	   46.34	   46.90	   46.18	   46.74	      546450
4938   	和碩         	20140919	   47.46	   47.54	   46.74	   47.22	      453894
4938   	和碩         	20140922	   47.86	   47.86	   46.74	   47.14	      451875
4938   	和碩         	20140923	   47.38	   47.70	   46.74	   46.82	      722086
4938   	和碩         	20140924	   47.46	   47.46	   46.82	   47.14	      432927
4938   	和碩         	20140925	   47.54	   47.70	   46.58	   46.66	      672292
4938   	和碩         	20140926	   44.82	   44.90	   43.46	   43.46	     1577789
4938   	和碩         	20140929	   43.46	   44.02	   42.98	   43.38	      582669
4938   	和碩         	20140930	   43.38	   44.82	   42.90	   44.82	      788758
4938   	和碩         	20141001	   44.58	   45.86	   44.26	   45.78	      829123
4938   	和碩         	20141002	   44.98	   45.54	   44.82	   44.98	      576724
4938   	和碩         	20141003	   44.82	   46.26	   44.82	   46.02	      690239
4938   	和碩         	20141006	   45.86	   46.18	   45.70	   45.94	      458647
4938   	和碩         	20141007	   45.86	   46.50	   45.22	   45.54	      615674
4938   	和碩         	20141008	   45.06	   45.86	   44.66	   44.74	      475600
4938   	和碩         	20141009	   46.10	   46.26	   42.26	   43.14	     1082801
4938   	和碩         	20141013	   40.50	   43.06	   40.18	   42.58	      868779
4938   	和碩         	20141014	   42.42	   43.62	   41.78	   43.62	      543491
4938   	和碩         	20141015	   43.62	   43.86	   42.18	   42.90	      810977
4938   	和碩         	20141016	   42.50	   43.62	   42.02	   43.22	      567931
4938   	和碩         	20141017	   43.46	   43.94	   42.26	   42.90	     1160416
4938   	和碩         	20141020	   43.54	   43.86	   43.22	   43.78	      705449
4938   	和碩         	20141021	   44.02	   44.50	   43.30	   43.38	      571443
4938   	和碩         	20141022	   44.50	   44.50	   42.90	   42.98	      587389
4938   	和碩         	20141023	   43.78	   44.50	   43.30	   44.50	      750571
4938   	和碩         	20141024	   44.50	   44.82	   43.94	   44.74	      697268
4938   	和碩         	20141027	   44.82	   45.06	   44.26	   44.98	      475163
4938   	和碩         	20141028	   45.62	   45.62	   44.82	   45.22	      718064
4938   	和碩         	20141029	   45.62	   45.70	   45.06	   45.30	      600869
4938   	和碩         	20141030	   44.98	   45.14	   43.70	   43.86	      955757
4938   	和碩         	20141031	   43.86	   44.42	   43.14	   44.18	     1029508
4938   	和碩         	20141103	   43.86	   44.58	   43.70	   44.58	      396554
4938   	和碩         	20141104	   45.06	   45.06	   43.62	   43.62	      473721
4938   	和碩         	20141105	   43.46	   43.62	   43.22	   43.54	      341550
4938   	和碩         	20141106	   44.02	   44.10	   43.22	   43.30	      205455
4938   	和碩         	20141107	   43.22	   44.34	   43.22	   43.86	      284474
4938   	和碩         	20141110	   44.42	   45.78	   44.18	   45.38	      993131
4938   	和碩         	20141111	   48.50	   48.50	   48.50	   48.50	     1402939
4938   	和碩         	20141112	   49.94	   51.14	   49.94	   50.74	     3079676
4938   	和碩         	20141113	   50.98	   50.98	   50.02	   50.82	     1203431
4938   	和碩         	20141114	   50.66	   54.02	   50.26	   52.90	     2468691
4938   	和碩         	20141117	   53.94	   54.98	   52.90	   52.90	     1889288
4938   	和碩         	20141118	   53.30	   53.54	   52.02	   52.98	     1071574
4938   	和碩         	20141119	   53.54	   54.18	   53.14	   53.86	     1382708
4938   	和碩         	20141120	   54.34	   56.42	   54.18	   56.42	     2473983
4938   	和碩         	20141121	   56.82	   59.86	   56.42	   59.22	     2908274
4938   	和碩         	20141124	   59.46	   60.26	   56.90	   57.30	     2272789
4938   	和碩         	20141125	   57.30	   58.82	   56.98	   57.78	     1285598
4938   	和碩         	20141126	   58.58	   59.54	   57.86	   59.46	     1546044
4938   	和碩         	20141127	   59.62	   59.78	   58.58	   58.58	     1165010
4938   	和碩         	20141128	   58.90	   58.90	   57.14	   57.46	     1145218
4938   	和碩         	20141201	   56.50	   59.46	   56.42	   58.58	     1253187
4938   	和碩         	20141202	   58.90	   60.18	   58.42	   58.58	     1383798
4938   	和碩         	20141203	   59.38	   60.10	   58.58	   59.06	     1618478
4938   	和碩         	20141204	   59.62	   59.94	   58.10	   58.10	      884688
4938   	和碩         	20141205	   58.82	   58.90	   57.94	   58.10	      666259
4938   	和碩         	20141208	   58.82	   59.62	   58.10	   58.50	      956860
4938   	和碩         	20141209	   59.22	   59.22	   57.86	   57.86	      623500
4938   	和碩         	20141210	   57.30	   58.02	   55.62	   56.42	     1120534
4938   	和碩         	20141211	   56.74	   57.62	   56.58	   56.66	      959707
4938   	和碩         	20141212	   57.38	   57.86	   56.82	   56.82	      705836
4938   	和碩         	20141215	   56.58	   59.54	   56.02	   59.22	     1300169
4938   	和碩         	20141216	   59.14	   59.22	   57.70	   57.70	      982869
4938   	和碩         	20141217	   57.22	   58.58	   56.42	   56.42	     1835281
4938   	和碩         	20141218	   56.82	   57.46	   56.50	   56.50	      774324
4938   	和碩         	20141219	   58.02	   58.02	   54.66	   54.90	     1069150
4938   	和碩         	20141222	   56.02	   58.02	   55.70	   58.02	      988297
4938   	和碩         	20141223	   58.34	   58.34	   56.90	   57.46	      513598
4938   	和碩         	20141224	   58.02	   58.02	   56.98	   57.46	      400143
4938   	和碩         	20141225	   57.30	   57.86	   56.90	   57.14	      225423
4938   	和碩         	20141226	   57.06	   57.62	   56.90	   57.62	      178927
4938   	和碩         	20141227	   57.86	   57.86	   57.30	   57.54	      128268
4938   	和碩         	20141229	   58.02	   58.74	   57.62	   57.86	     2326212
4938   	和碩         	20141230	   58.74	   59.06	   58.42	   58.66	      489638
4938   	和碩         	20141231	   58.42	   58.82	   58.10	   58.42	      258535
4938   	和碩         	20150105	   58.42	   59.14	   58.10	   59.14	      544412
4938   	和碩         	20150106	   58.42	   58.90	   57.30	   57.70	      588463
4938   	和碩         	20150107	   57.70	   58.10	   57.06	   57.06	      562312
4938   	和碩         	20150108	   58.02	   60.42	   57.62	   60.26	     1580075
4938   	和碩         	20150109	   61.46	   62.18	   60.66	   61.06	     1075988
4938   	和碩         	20150112	   61.14	   61.14	   59.86	   59.86	      473726
4938   	和碩         	20150113	   59.38	   61.22	   58.98	   60.74	     1507913
4938   	和碩         	20150114	   59.94	   60.58	   59.54	   59.54	      603626
4938   	和碩         	20150115	   59.86	   60.82	   59.78	   60.18	      697503
4938   	和碩         	20150116	   60.42	   61.62	   59.78	   60.82	     1031863
4938   	和碩         	20150119	   61.54	   62.18	   61.38	   61.70	      914396
4938   	和碩         	20150120	   61.86	   64.82	   61.70	   64.82	     1948957
4938   	和碩         	20150121	   64.82	   64.82	   63.38	   63.54	     1269418
4938   	和碩         	20150122	   63.62	   64.26	   63.14	   63.30	      681560
4938   	和碩         	20150123	   63.70	   64.74	   62.58	   63.22	     1076755
4938   	和碩         	20150126	   63.30	   64.26	   62.66	   63.70	      884621
4938   	和碩         	20150127	   64.74	   65.14	   63.70	   63.70	      881604
4938   	和碩         	20150128	   64.18	   67.63	   63.70	   67.23	     2303344
4938   	和碩         	20150129	   67.63	   69.23	   66.51	   66.51	     2752853
4938   	和碩         	20150130	   67.23	   68.59	   66.83	   68.03	     1798326
4938   	和碩         	20150202	   67.15	   68.43	   66.51	   67.95	     1998120
4938   	和碩         	20150203	   68.19	   68.67	   67.31	   67.39	     1065078
4938   	和碩         	20150204	   67.95	   68.67	   67.31	   67.31	     1029668
4938   	和碩         	20150205	   66.91	   67.55	   66.02	   66.34	      985273
4938   	和碩         	20150206	   65.70	   66.18	   62.74	   63.94	     1587092
4938   	和碩         	20150209	   64.82	   66.34	   64.50	   65.78	     1111797
4938   	和碩         	20150210	   65.78	   66.51	   64.66	   64.66	     1078568
4938   	和碩         	20150211	   65.22	   65.94	   64.98	   65.14	      869712
4938   	和碩         	20150212	   66.34	   67.87	   66.26	   67.63	     2278865
4938   	和碩         	20150213	   67.95	   68.11	   67.39	   67.87	      892160
4938   	和碩         	20150224	   70.43	   70.59	   69.23	   69.55	     1324993
4938   	和碩         	20150225	   69.87	   70.19	   69.23	   69.87	      891883
4938   	和碩         	20150226	   69.63	   69.63	   68.91	   68.99	      990050
4938   	和碩         	20150302	   69.31	   69.55	   66.99	   68.75	      976748
4938   	和碩         	20150303	   68.75	   69.15	   67.63	   68.11	      850347
4938   	和碩         	20150304	   68.11	   68.83	   67.95	   68.75	      502801
4938   	和碩         	20150305	   68.83	   70.99	   68.83	   70.83	     1309233
4938   	和碩         	20150306	   70.83	   71.63	   70.35	   71.55	     1161520
4938   	和碩         	20150309	   71.55	   72.51	   70.83	   70.83	      729434
4938   	和碩         	20150310	   70.83	   71.55	   70.43	   70.83	      753147
4938   	和碩         	20150311	   70.27	   71.23	   70.11	   70.99	      652544
4938   	和碩         	20150312	   71.39	   72.51	   71.23	   71.39	      800257
4938   	和碩         	20150313	   71.07	   71.87	   70.51	   70.75	      556849
4938   	和碩         	20150316	   69.63	   70.19	   68.91	   68.99	     1273471
4938   	和碩         	20150317	   69.23	   70.43	   69.23	   69.47	      836102
4938   	和碩         	20150318	   69.63	   71.31	   69.63	   71.31	      675992
4938   	和碩         	20150319	   71.71	   72.67	   71.63	   72.11	      805147
4938   	和碩         	20150320	   71.95	   72.91	   71.15	   71.15	      841785
4938   	和碩         	20150323	   72.11	   74.43	   72.11	   73.63	     1437598
4938   	和碩         	20150324	   73.23	   73.23	   69.87	   70.43	     2746869
4938   	和碩         	20150325	   70.43	   71.07	   68.11	   68.51	     1573634
4938   	和碩         	20150326	   67.95	   69.63	   67.39	   69.55	     1116069
4938   	和碩         	20150327	   69.55	   69.63	   68.03	   68.43	      789829
4938   	和碩         	20150330	   68.03	   69.07	   67.23	   67.39	      749137
4938   	和碩         	20150331	   67.87	   68.43	   67.39	   67.79	     1014358
4938   	和碩         	20150401	   67.31	   67.71	   66.18	   67.15	      777871
4938   	和碩         	20150402	   67.63	   68.67	   67.47	   68.51	      544911
4938   	和碩         	20150407	   69.47	   70.35	   68.91	   69.87	      676888
4938   	和碩         	20150408	   70.03	   70.11	   68.83	   69.23	      596783
4938   	和碩         	20150409	   69.23	   70.03	   68.91	   69.39	      508866
4938   	和碩         	20150410	   70.27	   70.43	   69.55	   69.55	      935026
4938   	和碩         	20150413	   70.11	   70.83	   70.03	   70.83	      542943
4938   	和碩         	20150414	   71.07	   71.55	   70.51	   71.47	      495277
4938   	和碩         	20150415	   71.63	   71.71	   69.71	   69.71	      652945
4938   	和碩         	20150416	   70.51	   70.91	   69.63	   70.83	      635496
4938   	和碩         	20150417	   70.83	   70.83	   69.79	   69.79	      501712
4938   	和碩         	20150420	   70.27	   70.99	   69.47	   70.27	      613280
4938   	和碩         	20150421	   70.83	   70.83	   68.83	   69.07	      506937
4938   	和碩         	20150422	   69.63	   70.51	   69.55	   70.35	      551116
4938   	和碩         	20150423	   71.63	   75.23	   71.55	   75.07	     2424667
4938   	和碩         	20150424	   75.55	   75.95	   74.67	   75.15	     1367646
4938   	和碩         	20150427	   75.23	   76.03	   74.99	   75.23	      841311
4938   	和碩         	20150428	   75.23	   75.95	   73.47	   74.43	      790551
4938   	和碩         	20150429	   74.43	   74.67	   73.31	   73.71	      560296
4938   	和碩         	20150430	   73.39	   74.03	   72.99	   73.07	      546917
4938   	和碩         	20150504	   73.95	   74.11	   72.75	   72.83	      378457
4938   	和碩         	20150505	   73.63	   74.43	   72.67	   73.87	      558719
4938   	和碩         	20150506	   73.87	   74.99	   73.79	   74.75	      960982
4938   	和碩         	20150507	   74.75	   74.83	   73.39	   73.55	      585313
4938   	和碩         	20150508	   75.39	   75.87	   72.03	   72.03	     1684060
4938   	和碩         	20150511	   72.59	   73.87	   72.03	   72.59	      884810
4938   	和碩         	20150512	   72.59	   73.95	   72.51	   73.87	      877468
4938   	和碩         	20150513	   74.19	   74.19	   72.75	   72.75	      799319
4938   	和碩         	20150514	   73.07	   73.63	   71.23	   71.23	      797151
4938   	和碩         	20150515	   71.47	   71.87	   70.59	   71.63	      579693
4938   	和碩         	20150518	   72.03	   72.43	   71.63	   72.27	      400222
4938   	和碩         	20150519	   72.83	   73.47	   72.03	   72.19	      680104
4938   	和碩         	20150520	   72.59	   73.23	   72.03	   72.03	     1076947
4938   	和碩         	20150521	   71.23	   71.23	   70.43	   70.91	      731573
4938   	和碩         	20150522	   71.71	   72.03	   71.15	   71.63	      433969
4938   	和碩         	20150525	   73.15	   73.23	   72.27	   72.83	      348819
4938   	和碩         	20150526	   73.63	   73.95	   73.31	   73.55	      540693
4938   	和碩         	20150527	   73.55	   73.95	   73.07	   73.47	      496588
4938   	和碩         	20150528	   73.87	   75.63	   73.71	   74.83	      989332
4938   	和碩         	20150529	   75.23	   75.63	   73.31	   73.31	      755288
4938   	和碩         	20150601	   73.31	   73.55	   72.11	   72.35	      501594
4938   	和碩         	20150602	   72.11	   72.99	   71.63	   71.63	      559718
4938   	和碩         	20150603	   71.23	   72.03	   71.15	   71.15	      534260
4938   	和碩         	20150604	   71.39	   71.71	   70.27	   70.59	      719672
4938   	和碩         	20150605	   69.63	   71.31	   67.71	   71.23	     1029199
4938   	和碩         	20150608	   71.23	   71.23	   69.87	   70.11	      392827
4938   	和碩         	20150609	   68.67	   69.07	   68.11	   68.27	      708796
4938   	和碩         	20150610	   68.51	   70.43	   68.51	   69.79	      587207
4938   	和碩         	20150611	   69.95	   69.95	   68.59	   68.99	      592830
4938   	和碩         	20150612	   68.91	   70.11	   68.51	   69.31	      370756
4938   	和碩         	20150615	   68.83	   71.55	   68.51	   70.03	      604837
4938   	和碩         	20150616	   70.11	   70.19	   69.07	   70.03	      563407
4938   	和碩         	20150617	   70.27	   70.51	   69.39	   70.03	      553480
4938   	和碩         	20150618	   69.47	   69.87	   68.99	   68.99	      647509
4938   	和碩         	20150622	   69.63	   70.51	   69.63	   70.03	      812220
4938   	和碩         	20150623	   70.83	   72.03	   70.27	   70.83	     1054622
4938   	和碩         	20150624	   70.83	   71.55	   70.27	   70.99	     1103952
4938   	和碩         	20150625	   71.23	   72.59	   70.83	   72.03	      894908
4938   	和碩         	20150626	   72.59	   72.75	   72.11	   72.43	      418384
4938   	和碩         	20150629	   71.31	   71.63	   71.07	   71.39	      309534
4938   	和碩         	20150630	   71.23	   72.27	   70.99	   72.27	      557064
4938   	和碩         	20150701	   71.87	   73.23	   71.87	   72.75	      516535
4938   	和碩         	20150702	   72.99	   73.63	   72.59	   72.91	      848161
4938   	和碩         	20150703	   72.91	   73.79	   72.35	   73.79	      627528
4938   	和碩         	20150706	   72.99	   74.59	   72.99	   74.43	      748218
4938   	和碩         	20150707	   74.75	   75.39	   74.27	   74.43	      779949
4938   	和碩         	20150708	   72.35	   74.03	   68.67	   68.75	     1288522
4938   	和碩         	20150709	   66.91	   70.83	   64.82	   69.87	     1080204
4938   	和碩         	20150713	   71.23	   74.43	   71.15	   74.43	     1517926
4938   	和碩         	20150714	   75.23	   75.47	   73.31	   73.63	      735889
4938   	和碩         	20150715	   74.03	   74.75	   73.63	   74.35	      589616
4938   	和碩         	20150716	   75.23	   76.35	   74.91	   76.35	     1352674
4938   	和碩         	20150717	   75.87	   76.35	   74.83	   75.31	      838248
4938   	和碩         	20150720	   76.03	   78.75	   76.03	   76.91	     1136074
4938   	和碩         	20150721	   77.23	   77.55	   75.63	   75.63	      634552
4938   	和碩         	20150722	   72.83	   74.19	   72.67	   73.39	     1291583
4938   	和碩         	20150723	   73.23	   74.35	   72.19	   72.59	     1151725
4938   	和碩         	20150724	   72.59	   73.47	   71.39	   72.51	      558400
4938   	和碩         	20150727	   72.43	   73.47	   70.91	   71.15	      392431
4938   	和碩         	20150728	   70.43	   73.31	   70.43	   72.43	      838879
4938   	和碩         	20150729	   72.43	   73.71	   71.07	   73.71	      815195
4938   	和碩         	20150730	   73.71	   74.11	   72.43	   72.67	      549798
4938   	和碩         	20150731	   73.23	   73.23	   71.07	   71.07	      615396
4938   	和碩         	20150803	   72.03	   72.03	   70.59	   71.15	      533047
4938   	和碩         	20150804	   71.35	   72.52	   69.84	   70.34	      892633
4938   	和碩         	20150805	   68.08	   70.76	   68.08	   70.68	      994625
4938   	和碩         	20150806	   71.51	   71.68	   66.73	   67.49	     1312558
4938   	和碩         	20150807	   65.90	   70.17	   65.90	   69.67	      857429
4938   	和碩         	20150810	   69.25	   72.52	   69.25	   72.52	      629271
4938   	和碩         	20150811	   73.61	   75.54	   72.18	   72.35	     1533195
4938   	和碩         	20150812	   72.02	   73.19	   71.26	   72.35	      813341
4938   	和碩         	20150813	   73.44	   73.78	   72.18	   73.36	      751299
4938   	和碩         	20150814	   74.45	   76.21	   74.03	   75.20	     1013837
4938   	和碩         	20150817	   76.63	   76.71	   75.03	   75.12	      768816
4938   	和碩         	20150818	   75.62	   75.87	   73.86	   74.70	      761844
4938   	和碩         	20150819	   74.95	   75.20	   69.59	   71.01	     1508948
4938   	和碩         	20150820	   71.43	   72.69	   70.00	   70.09	     1184036
4938   	和碩         	20150821	   67.91	   69.59	   66.32	   66.32	     1418658
4938   	和碩         	20150824	   63.97	   65.23	   59.69	   62.71	     1700266
4938   	和碩         	20150825	   61.87	   67.15	   61.20	   66.99	     1520158
4938   	和碩         	20150826	   67.24	   68.24	   65.56	   67.91	     1097269
4938   	和碩         	20150827	   69.84	   70.17	   68.75	   69.17	     1021046
4938   	和碩         	20150828	   71.68	   72.44	   70.59	   72.10	     1248969
4938   	和碩         	20150831	   71.26	   72.27	   70.26	   70.59	     2535233
4938   	和碩         	20150901	   71.18	   71.43	   69.84	   69.92	      829033
4938   	和碩         	20150902	   67.99	   70.51	   67.99	   69.67	      740713
4938   	和碩         	20150903	   70.84	   71.26	   70.09	   71.26	      597448
4938   	和碩         	20150904	   71.26	   71.60	   68.83	   68.83	      699415
4938   	和碩         	20150907	   68.83	   69.08	   67.57	   67.82	      620227
4938   	和碩         	20150908	   68.08	   69.33	   67.91	   69.08	      367729
4938   	和碩         	20150909	   70.00	   72.52	   70.00	   72.10	     1027148
4938   	和碩         	20150910	   72.02	   72.02	   70.42	   71.51	      780750
4938   	和碩         	20150911	   72.94	   73.61	   72.52	   72.77	      772211
4938   	和碩         	20150914	   73.53	   73.78	   72.35	   72.77	      551062
4938   	和碩         	20150915	   74.11	   74.20	   72.77	   73.36	      527392
4938   	和碩         	20150916	   73.94	   73.94	   72.52	   73.44	      663749
4938   	和碩         	20150917	   74.03	   74.20	   73.44	   73.61	      415919
4938   	和碩         	20150918	   73.36	   73.36	   72.69	   72.77	      540873
4938   	和碩         	20150921	   72.18	   72.27	   70.84	   71.18	      571282
4938   	和碩         	20150922	   72.77	   72.77	   71.51	   72.27	      373296
4938   	和碩         	20150923	   71.43	   72.02	   70.51	   70.68	      649044
4938   	和碩         	20150924	   71.26	   71.51	   69.67	   69.92	      343446
4938   	和碩         	20150925	   70.34	   70.34	   68.58	   69.42	      719263
4938   	和碩         	20150930	   66.73	   67.99	   66.32	   67.24	     1585976
4938   	和碩         	20151001	   68.16	   69.17	   67.49	   68.91	      673441
4938   	和碩         	20151002	   68.33	   68.58	   67.57	   68.41	      569885
4938   	和碩         	20151005	   69.00	   69.92	   68.83	   69.42	      627490
4938   	和碩         	20151006	   70.42	   71.26	   68.83	   68.83	      883618
4938   	和碩         	20151007	   65.56	   67.57	   65.56	   67.24	     1405650
4938   	和碩         	20151008	   66.48	   67.24	   66.40	   66.57	     1034136
4938   	和碩         	20151012	   70.93	   72.44	   70.34	   71.76	     3576427
4938   	和碩         	20151013	   71.18	   71.60	   69.59	   70.00	     1727859
4938   	和碩         	20151014	   69.92	   71.60	   69.59	   71.01	     1728876
4938   	和碩         	20151015	   71.26	   71.43	   70.34	   70.51	      938748
4938   	和碩         	20151016	   70.68	   71.18	   68.75	   69.08	      950641
4938   	和碩         	20151019	   69.00	   69.59	   67.57	   67.91	      947400
4938   	和碩         	20151020	   67.91	   68.58	   67.07	   67.24	     1132447
4938   	和碩         	20151021	   67.91	   68.58	   67.66	   67.91	      933581
4938   	和碩         	20151022	   67.91	   68.75	   67.91	   68.75	      372531
4938   	和碩         	20151023	   69.59	   69.59	   67.99	   67.99	      736646
4938   	和碩         	20151026	   68.33	   69.50	   68.33	   69.42	      926466
4938   	和碩         	20151027	   68.75	   68.75	   67.66	   67.74	     1470709
4938   	和碩         	20151028	   67.99	   68.24	   67.24	   67.57	      801188
4938   	和碩         	20151029	   68.58	   68.58	   67.66	   67.91	      476681
4938   	和碩         	20151030	   68.24	   68.24	   66.65	   66.90	     1013977
4938   	和碩         	20151102	   66.23	   67.74	   65.81	   67.74	      874754
4938   	和碩         	20151103	   68.33	   68.58	   67.49	   68.24	      804813
4938   	和碩         	20151104	   68.41	   68.83	   67.74	   68.83	      949560
4938   	和碩         	20151105	   68.58	   69.17	   68.33	   69.17	      684707
4938   	和碩         	20151106	   69.33	   69.59	   68.33	   68.66	      770460
4938   	和碩         	20151109	   69.17	   69.67	   67.49	   67.82	      726109
4938   	和碩         	20151110	   68.33	   69.59	   67.99	   69.17	     1930411
4938   	和碩         	20151111	   69.67	   70.09	   68.83	   69.67	     1499558
4938   	和碩         	20151112	   70.09	   70.17	   69.00	   69.42	      653737
4938   	和碩         	20151113	   69.17	   69.92	   68.91	   69.25	      539333
4938   	和碩         	20151116	   69.08	   70.42	   68.83	   70.42	      942014
4938   	和碩         	20151117	   71.26	   72.27	   70.84	   70.84	      918060
4938   	和碩         	20151118	   70.59	   70.84	   69.42	   69.59	      562514
4938   	和碩         	20151119	   70.26	   70.51	   69.25	   70.51	      540240
4938   	和碩         	20151120	   70.68	   71.93	   70.68	   71.68	      777590
4938   	和碩         	20151123	   72.44	   72.52	   71.68	   72.10	      626770
4938   	和碩         	20151124	   72.10	   72.10	   70.59	   71.26	      472879
4938   	和碩         	20151125	   71.26	   71.68	   70.42	   70.93	      269483
4938   	和碩         	20151126	   71.51	   72.18	   71.43	   72.10	      641079
4938   	和碩         	20151127	   71.93	   72.10	   71.18	   71.68	      491403
4938   	和碩         	20151130	   71.01	   72.52	   70.59	   72.18	     1223870
4938   	和碩         	20151201	   72.44	   74.62	   72.44	   74.62	     1430336
4938   	和碩         	20151202	   74.20	   74.87	   72.52	   73.36	      762754
4938   	和碩         	20151203	   72.27	   73.36	   72.18	   72.85	      426071
4938   	和碩         	20151204	   71.43	   72.10	   70.68	   71.85	      567658
4938   	和碩         	20151207	   72.35	   74.20	   72.35	   73.53	      756520
4938   	和碩         	20151208	   72.18	   73.78	   72.18	   73.53	      526510
4938   	和碩         	20151209	   73.27	   73.27	   72.02	   72.35	      532625
4938   	和碩         	20151210	   72.10	   72.27	   70.84	   71.68	      718106
4938   	和碩         	20151211	   69.17	   70.00	   66.82	   66.99	     1465621
4938   	和碩         	20151214	   64.72	   66.06	   62.88	   62.96	     1832064
4938   	和碩         	20151215	   64.39	   65.39	   63.05	   64.22	     1035330
4938   	和碩         	20151216	   64.22	   65.23	   63.88	   64.22	      612869
4938   	和碩         	20151217	   64.22	   65.90	   64.22	   65.23	      565661
4938   	和碩         	20151218	   64.55	   64.97	   64.14	   64.55	      456205
4938   	和碩         	20151221	   63.72	   64.81	   63.72	   64.72	      333253
4938   	和碩         	20151222	   64.22	   65.64	   64.22	   65.14	      461165
4938   	和碩         	20151223	   65.64	   66.48	   64.97	   65.90	      382199
4938   	和碩         	20151224	   66.06	   66.40	   64.97	   65.06	      318025
4938   	和碩         	20151225	   64.89	   65.64	   64.89	   65.64	      108529
4938   	和碩         	20151228	   66.06	   66.06	   65.31	   65.73	      141813
4938   	和碩         	20151229	   65.23	   65.23	   62.54	   63.05	      731616
4938   	和碩         	20151230	   63.30	   63.55	   60.53	   61.37	      916988
